392 2563 659 554
393 2563 660 554
394 2563 662 554
395 2563 663 553
396 2563 664 553
397 2563 666 553
398 2563 668 553
399 2563 670 552
400 2563 671 552
401 2563 673 551
402 2563 674 551
403 2563 676 551
404 2563 677 550
405 2563 678 550
406 2563 680 550
407 2563 681 550
408 2563 683 550
409 2563 685 550
410 2563 686 551
411 2563 688 551
392 2563 661 530
393 2563 662 529
394 2563 663 529
395 2563 665 529
396 2563 667 529
397 2563 666 528
398 2563 670 528
399 2563 672 528
400 2563 673 527
401 2563 675 527
402 2563 677 527
403 2563 678 526
404 2563 679 526
405 2563 680 526
406 2563 682 526
407 2563 684 526
408 2563 685 527
409 2563 687 527
410 2563 689 527
411 2563 691 527
392 2563 656 496
393 2563 657 495
394 2563 659 495
395 2563 660 494
396 2563 661 494
397 2563 663 494
398 2563 664 494
399 2563 665 494
400 2563 666 494
401 2563 668 495
402 2563 669 496
403 2563 671 496
404 2563 672 496
405 2563 674 496
406 2563 675 496
407 2563 677 496
408 2563 678 495
409 2563 680 496
410 2563 681 497
411 2563 683 497
392 2563 662 470
393 2563 664 469
394 2563 665 469
395 2563 666 469
396 2563 668 468
397 2563 670 468
398 2563 671 468
399 2563 673 468
400 2563 675 468
401 2563 676 468
402 2563 678 469
403 2563 679 469
404 2563 681 469
405 2563 682 469
406 2563 683 469
407 2563 684 469
408 2563 686 470
409 2563 687 470
410 2563 689 470
411 2563 690 470