0.000000
0.001000
0.002000
0.003000
0.004000
0.005000
0.006000
0.007000
0.008000
0.009000
0.010000
0.011000
0.012000
0.013000
0.014000
0.014999
0.015999
0.016999
0.017999
0.018999
0.019999
0.020998
0.021998
0.022998
0.023998
0.024997
0.025997
0.026997
0.027996
0.028996
0.029996
0.030995
0.031995
0.032994
0.033993
0.034993
0.035992
0.036992
0.037991
0.038990
0.039989
0.040989
0.041988
0.042987
0.043986
0.044985
0.045984
0.046983
0.047982
0.048980
0.049979
0.050978
0.051977
0.052975
0.053974
0.054972
0.055971
0.056969
0.057967
0.058966
0.059964
0.060962
0.061960
0.062958
0.063956
0.064954
0.065952
0.066950
0.067948
0.068945
0.069943
0.070940
0.071938
0.072935
0.073932
0.074930
0.075927
0.076924
0.077921
0.078918
0.079915
0.080911
0.081908
0.082905
0.083901
0.084898
0.085894
0.086890
0.087886
0.088883
0.089879
0.090874
0.091870
0.092866
0.093862
0.094857
0.095853
0.096848
0.097843
0.098838
0.099833
0.100828
0.101823
0.102818
0.103813
0.104807
0.105802
0.106796
0.107790
0.108784
0.109778
0.110772
0.111766
0.112760
0.113753
0.114747
0.115740
0.116733
0.117726
0.118719
0.119712
0.120705
0.121698
0.122690
0.123682
0.124675
0.125667
0.126659
0.127651
0.128643
0.129634
0.130626
0.131617
0.132608
0.133599
0.134590
0.135581
0.136572
0.137562
0.138553
0.139543
0.140533
0.141523
0.142513
0.143503
0.144492
0.145482
0.146471
0.147460
0.148449
0.149438
0.150427
0.151415
0.152404
0.153392
0.154380
0.155368
0.156356
0.157343
0.158331
0.159318
0.160305
0.161292
0.162279
0.163266
0.164252
0.165239
0.166225
0.167211
0.168197
0.169182
0.170168
0.171153
0.172138
0.173123
0.174108
0.175093
0.176077
0.177062
0.178046
0.179030
0.180013
0.180997
0.181980
0.182964
0.183947
0.184929
0.185912
0.186895
0.187877
0.188859
0.189841
0.190823
0.191804
0.192785
0.193767
0.194747
0.195728
0.196709
0.197689
0.198669
0.199649
0.200629
0.201609
0.202588
0.203567
0.204546
0.205525
0.206503
0.207482
0.208460
0.209438
0.210416
0.211393
0.212370
0.213347
0.214324
0.215301
0.216277
0.217254
0.218230
0.219205
0.220181
0.221156
0.222131
0.223106
0.224081
0.225056
0.226030
0.227004
0.227978
0.228951
0.229924
0.230897
0.231870
0.232843
0.233815
0.234788
0.235759
0.236731
0.237703
0.238674
0.239645
0.240616
0.241586
0.242556
0.243526
0.244496
0.245466
0.246435
0.247404
0.248373
0.249341
0.250310
0.251278
0.252245
0.253213
0.254180
0.255147
0.256114
0.257081
0.258047
0.259013
0.259979
0.260944
0.261909
0.262874
0.263839
0.264803
0.265768
0.266731
0.267695
0.268658
0.269622
0.270584
0.271547
0.272509
0.273471
0.274433
0.275394
0.276356
0.277317
0.278277
0.279238
0.280198
0.281157
0.282117
0.283076
0.284035
0.284994
0.285952
0.286910
0.287868
0.288826
0.289783
0.290740
0.291697
0.292653
0.293609
0.294565
0.295520
0.296475
0.297430
0.298385
0.299339
0.300293
0.301247
0.302200
0.303153
0.304106
0.305059
0.306011
0.306963
0.307914
0.308866
0.309816
0.310767
0.311717
0.312667
0.313617
0.314567
0.315516
0.316464
0.317413
0.318361
0.319309
0.320256
0.321203
0.322150
0.323097
0.324043
0.324989
0.325934
0.326880
0.327825
0.328769
0.329713
0.330657
0.331601
0.332544
0.333487
0.334430
0.335372
0.336314
0.337255
0.338197
0.339138
0.340078
0.341018
0.341958
0.342898
0.343837
0.344776
0.345714
0.346653
0.347590
0.348528
0.349465
0.350402
0.351338
0.352274
0.353210
0.354145
0.355080
0.356015
0.356949
0.357883
0.358817
0.359750
0.360683
0.361615
0.362548
0.363479
0.364411
0.365342
0.366273
0.367203
0.368133
0.369062
0.369992
0.370920
0.371849
0.372777
0.373705
0.374632
0.375559
0.376486
0.377412
0.378338
0.379263
0.380188
0.381113
0.382037
0.382961
0.383885
0.384808
0.385731
0.386653
0.387575
0.388497
0.389418
0.390339
0.391260
0.392180
0.393099
0.394019
0.394938
0.395856
0.396774
0.397692
0.398609
0.399526
0.400443
0.401359
0.402275
0.403190
0.404105
0.405019
0.405933
0.406847
0.407760
0.408673
0.409586
0.410498
0.411410
0.412321
0.413232
0.414142
0.415052
0.415962
0.416871
0.417780
0.418688
0.419596
0.420503
0.421410
0.422317
0.423223
0.424129
0.425035
0.425939
0.426844
0.427748
0.428652
0.429555
0.430458
0.431360
0.432262
0.433164
0.434065
0.434966
0.435866
0.436766
0.437665
0.438564
0.439462
0.440360
0.441258
0.442155
0.443052
0.443948
0.444844
0.445739
0.446634
0.447529
0.448423
0.449316
0.450210
0.451102
0.451994
0.452886
0.453778
0.454669
0.455559
0.456449
0.457338
0.458228
0.459116
0.460004
0.460892
0.461779
0.462666
0.463552
0.464438
0.465323
0.466208
0.467093
0.467977
0.468860
0.469743
0.470626
0.471508
0.472390
0.473271
0.474151
0.475032
0.475911
0.476791
0.477669
0.478548
0.479426
0.480303
0.481180
0.482056
0.482932
0.483807
0.484682
0.485557
0.486431
0.487304
0.488177
0.489050
0.489922
0.490793
0.491664
0.492535
0.493405
0.494274
0.495144
0.496012
0.496880
0.497748
0.498615
0.499481
0.500347
0.501213
0.502078
0.502943
0.503807
0.504670
0.505533
0.506396
0.507258
0.508119
0.508981
0.509841
0.510701
0.511561
0.512420
0.513278
0.514136
0.514993
0.515850
0.516707
0.517563
0.518418
0.519273
0.520127
0.520981
0.521834
0.522687
0.523539
0.524391
0.525242
0.526093
0.526943
0.527793
0.528642
0.529491
0.530339
0.531186
0.532033
0.532880
0.533726
0.534571
0.535416
0.536260
0.537104
0.537947
0.538790
0.539632
0.540474
0.541315
0.542155
0.542995
0.543835
0.544674
0.545512
0.546350
0.547187
0.548024
0.548860
0.549696
0.550531
0.551365
0.552199
0.553033
0.553866
0.554698
0.555530
0.556361
0.557192
0.558022
0.558851
0.559680
0.560509
0.561337
0.562164
0.562991
0.563817
0.564642
0.565468
0.566292
0.567116
0.567939
0.568762
0.569584
0.570406
0.571227
0.572048
0.572867
0.573687
0.574506
0.575324
0.576141
0.576959
0.577775
0.578591
0.579406
0.580221
0.581035
0.581849
0.582662
0.583474
0.584286
0.585097
0.585908
0.586718
0.587528
0.588336
0.589145
0.589952
0.590760
0.591566
0.592372
0.593178
0.593982
0.594786
0.595590
0.596393
0.597195
0.597997
0.598798
0.599599
0.600399
0.601198
0.601997
0.602795
0.603593
0.604390
0.605186
0.605982
0.606777
0.607572
0.608366
0.609159
0.609952
0.610744
0.611536
0.612327
0.613117
0.613907
0.614696
0.615484
0.616272
0.617059
0.617846
0.618632
0.619417
0.620202
0.620986
0.621769
0.622552
0.623335
0.624116
0.624897
0.625678
0.626457
0.627237
0.628015
0.628793
0.629570
0.630347
0.631123
0.631898
0.632673
0.633447
0.634221
0.634993
0.635766
0.636537
0.637308
0.638078
0.638848
0.639617
0.640385
0.641153
0.641920
0.642687
0.643453
0.644218
0.644982
0.645746
0.646509
0.647272
0.648034
0.648795
0.649556
0.650316
0.651075
0.651834
0.652592
0.653349
0.654106
0.654862
0.655617
0.656372
0.657126
0.657880
0.658633
0.659385
0.660136
0.660887
0.661637
0.662387
0.663135
0.663884
0.664631
0.665378
0.666124
0.666870
0.667614
0.668359
0.669102
0.669845
0.670587
0.671329
0.672069
0.672810
0.673549
0.674288
0.675026
0.675763
0.676500
0.677236
0.677972
0.678707
0.679441
0.680174
0.680907
0.681639
0.682370
0.683101
0.683831
0.684560
0.685289
0.686017
0.686744
0.687470
0.688196
0.688921
0.689646
0.690370
0.691093
0.691815
0.692537
0.693258
0.693978
0.694698
0.695417
0.696135
0.696853
0.697570
0.698286
0.699001
0.699716
0.700430
0.701144
0.701856
0.702568
0.703279
0.703990
0.704700
0.705409
0.706117
0.706825
0.707532
0.708239
0.708944
0.709649
0.710353
0.711057
0.711760
0.712462
0.713163
0.713864
0.714564
0.715263
0.715961
0.716659
0.717356
0.718052
0.718748
0.719443
0.720137
0.720831
0.721523
0.722215
0.722907
0.723597
0.724287
0.724976
0.725665
0.726352
0.727039
0.727726
0.728411
0.729096
0.729780
0.730463
0.731146
0.731828
0.732509
0.733189
0.733869
0.734548
0.735226
0.735903
0.736580
0.737256
0.737931
0.738606
0.739280
0.739953
0.740625
0.741297
0.741967
0.742637
0.743307
0.743975
0.744643
0.745310
0.745977
0.746642
0.747307
0.747971
0.748634
0.749297
0.749959
0.750620
0.751280
0.751940
0.752599
0.753257
0.753914
0.754571
0.755227
0.755882
0.756536
0.757190
0.757843
0.758495
0.759146
0.759796
0.760446
0.761095
0.761744
0.762391
0.763038
0.763684
0.764329
0.764973
0.765617
0.766260
0.766902
0.767544
0.768184
0.768824
0.769463
0.770101
0.770739
0.771376
0.772012
0.772647
0.773281
0.773915
0.774548
0.775180
0.775811
0.776442
0.777072
0.777701
0.778329
0.778956
0.779583
0.780209
0.780834
0.781459
0.782082
0.782705
0.783327
0.783948
0.784569
0.785188
0.785807
0.786425
0.787042
0.787659
0.788275
0.788890
0.789504
0.790117
0.790730
0.791341
0.791952
0.792563
0.793172
0.793781
0.794388
0.794995
0.795602
0.796207
0.796812
0.797415
0.798019
0.798621
0.799222
0.799823
0.800423
0.801022
0.801620
0.802217
0.802814
0.803410
0.804005
0.804599
0.805192
0.805785
0.806377
0.806968
0.807558
0.808147
0.808736
0.809324
0.809911
0.810497
0.811082
0.811667
0.812251
0.812833
0.813416
0.813997
0.814577
0.815157
0.815736
0.816314
0.816891
0.817467
0.818043
0.818618
0.819192
0.819765
0.820337
0.820908
0.821479
0.822049
0.822618
0.823186
0.823753
0.824320
0.824886
0.825451
0.826015
0.826578
0.827140
0.827702
0.828263
0.828823
0.829382
0.829940
0.830497
0.831054
0.831610
0.832165
0.832719
0.833272
0.833825
0.834376
0.834927
0.835477
0.836026
0.836574
0.837122
0.837668
0.838214
0.838759
0.839303
0.839846
0.840389
0.840930
0.841471
0.842011
0.842550
0.843088
0.843625
0.844162
0.844698
0.845232
0.845766
0.846300
0.846832
0.847363
0.847894
0.848424
0.848953
0.849481
0.850008
0.850534
0.851060
0.851584
0.852108
0.852631
0.853153
0.853674
0.854195
0.854714
0.855233
0.855751
0.856268
0.856784
0.857299
0.857813
0.858327
0.858840
0.859351
0.859862
0.860372
0.860882
0.861390
0.861898
0.862404
0.862910
0.863415
0.863919
0.864422
0.864925
0.865426
0.865927
0.866426
0.866925
0.867423
0.867920
0.868417
0.868912
0.869407
0.869900
0.870393
0.870885
0.871376
0.871866
0.872355
0.872844
0.873331
0.873818
0.874304
0.874789
0.875273
0.875756
0.876239
0.876720
0.877201
0.877680
0.878159
0.878637
0.879114
0.879590
0.880065
0.880540
0.881013
0.881486
0.881958
0.882429
0.882899
0.883368
0.883836
0.884303
0.884770
0.885235
0.885700
0.886164
0.886627
0.887089
0.887550
0.888010
0.888470
0.888928
0.889386
0.889843
0.890298
0.890753
0.891207
0.891661
0.892113
0.892564
0.893015
0.893464
0.893913
0.894361
0.894808
0.895254
0.895699
0.896143
0.896586
0.897029
0.897470
0.897911
0.898351
0.898789
0.899227
0.899664
0.900100
0.900536
0.900970
0.901403
0.901836
0.902268
0.902698
0.903128
0.903557
0.903985
0.904412
0.904838
0.905264
0.905688
0.906112
0.906534
0.906956
0.907377
0.907796
0.908215
0.908633
0.909051
0.909467
0.909882
0.910297
0.910710
0.911123
0.911534
0.911945
0.912355
0.912764
0.913172
0.913579
0.913985
0.914391
0.914795
0.915198
0.915601
0.916003
0.916403
0.916803
0.917202
0.917600
0.917997
0.918393
0.918788
0.919183
0.919576
0.919968
0.920360
0.920751
0.921140
0.921529
0.921917
0.922304
0.922690
0.923075
0.923459
0.923842
0.924225
0.924606
0.924986
0.925366
0.925745
0.926122
0.926499
0.926875
0.927250
0.927624
0.927997
0.928369
0.928740
0.929110
0.929480
0.929848
0.930216
0.930582
0.930948
0.931313
0.931676
0.932039
0.932401
0.932762
0.933122
0.933481
0.933839
0.934196
0.934553
0.934908
0.935263
0.935616
0.935969
0.936320
0.936671
0.937021
0.937369
0.937717
0.938064
0.938410
0.938755
0.939099
0.939443
0.939785
0.940126
0.940466
0.940806
0.941144
0.941482
0.941818
0.942154
0.942489
0.942823
0.943155
0.943487
0.943818
0.944148
0.944477
0.944805
0.945133
0.945459
0.945784
0.946108
0.946432
0.946754
0.947076
0.947396
0.947716
0.948034
0.948352
0.948669
0.948985
0.949299
0.949613
0.949926
0.950238
0.950549
0.950859
0.951169
0.951477
0.951784
0.952090
0.952396
0.952700
0.953004
0.953306
0.953608
0.953908
0.954208
0.954506
0.954804
0.955101
0.955397
0.955692
0.955985
0.956278
0.956570
0.956861
0.957151
0.957441
0.957729
0.958016
0.958302
0.958587
0.958872
0.959155
0.959437
0.959719
0.959999
0.960279
0.960557
0.960835
0.961112
0.961387
0.961662
0.961936
0.962209
0.962480
0.962751
0.963021
0.963290
0.963558
0.963825
0.964091
0.964356
0.964620
0.964884
0.965146
0.965407
0.965667
0.965927
0.966185
0.966442
0.966699
0.966954
0.967209
0.967462
0.967715
0.967966
0.968217
0.968466
0.968715
0.968963
0.969210
0.969455
0.969700
0.969944
0.970187
0.970429
0.970669
0.970909
0.971148
0.971386
0.971623
0.971859
0.972095
0.972329
0.972562
0.972794
0.973025
0.973255
0.973485
0.973713
0.973940
0.974166
0.974392
0.974616
0.974840
0.975062
0.975283
0.975504
0.975723
0.975942
0.976159
0.976376
0.976592
0.976806
0.977020
0.977232
0.977444
0.977655
0.977865
0.978073
0.978281
0.978488
0.978694
0.978899
0.979102
0.979305
0.979507
0.979708
0.979908
0.980107
0.980305
0.980502
0.980698
0.980893
0.981087
0.981280
0.981472
0.981663
0.981854
0.982043
0.982231
0.982418
0.982604
0.982789
0.982974
0.983157
0.983339
0.983521
0.983701
0.983880
0.984058
0.984236
0.984412
0.984588
0.984762
0.984935
0.985108
0.985279
0.985450
0.985619
0.985788
0.985955
0.986122
0.986287
0.986452
0.986615
0.986778
0.986940
0.987100
0.987260
0.987418
0.987576
0.987733
0.987888
0.988043
0.988197
0.988349
0.988501
0.988652
0.988801
0.988950
0.989098
0.989245
0.989391
0.989535
0.989679
0.989822
0.989964
0.990105
0.990244
0.990383
0.990521
0.990658
0.990794
0.990929
0.991063
0.991196
0.991327
0.991458
0.991588
0.991717
0.991845
0.991972
0.992098
0.992223
0.992347
0.992470
0.992592
0.992713
0.992833
0.992952
0.993070
0.993187
0.993303
0.993418
0.993532
0.993645
0.993757
0.993868
0.993978
0.994088
0.994196
0.994303
0.994409
0.994514
0.994618
0.994721
0.994823
0.994924
0.995024
0.995124
0.995222
0.995319
0.995415
0.995510
0.995604
0.995698
0.995790
0.995881
0.995971
0.996060
0.996148
0.996236
0.996322
0.996407
0.996491
0.996574
0.996657
0.996738
0.996818
0.996897
0.996975
0.997053
0.997129
0.997204
0.997278
0.997352
0.997424
0.997495
0.997565
0.997634
0.997703
0.997770
0.997836
0.997901
0.997966
0.998029
0.998091
0.998152
0.998213
0.998272
0.998330
0.998388
0.998444
0.998499
0.998553
0.998607
0.998659
0.998710
0.998760
0.998810
0.998858
0.998905
0.998952
0.998997
0.999041
0.999084
0.999127
0.999168
0.999208
0.999248
0.999286
0.999323
0.999359
0.999395
0.999429
0.999462
0.999495
0.999526
0.999556
0.999585
0.999614
0.999641
0.999667
0.999693
0.999717
0.999740
0.999762
0.999784
0.999804
0.999823
0.999842
0.999859
0.999875
0.999891
0.999905
0.999918
0.999930
0.999942
0.999952
0.999961
0.999970
0.999977
0.999983
0.999988
0.999993
0.999996
0.999998
1.000000
1.000000
0.999999
0.999998
0.999995
0.999991
0.999986
0.999981
0.999974
0.999966
0.999958
0.999948
0.999937
0.999926
0.999913
0.999899
0.999884
0.999869
0.999852
0.999834
0.999816
0.999796
0.999775
0.999754
0.999731
0.999707
0.999682
0.999657
0.999630
0.999602
0.999574
0.999544
0.999513
0.999482
0.999449
0.999415
0.999380
0.999345
0.999308
0.999270
0.999232
0.999192
0.999151
0.999110
0.999067
0.999023
0.998978
0.998933
0.998886
0.998838
0.998790
0.998740
0.998689
0.998638
0.998585
0.998531
0.998477
0.998421
0.998364
0.998307
0.998248
0.998188
0.998128
0.998066
0.998003
0.997940
0.997875
0.997809
0.997743
0.997675
0.997606
0.997537
0.997466
0.997394
0.997322
0.997248
0.997174
0.997098
0.997021
0.996944
0.996865
0.996785
0.996705
0.996623
0.996541
0.996457
0.996372
0.996287
0.996200
0.996113
0.996024
0.995934
0.995844
0.995752
0.995660
0.995566
0.995472
0.995376
0.995279
0.995182
0.995083
0.994984
0.994883
0.994782
0.994679
0.994576
0.994471
0.994366
0.994259
0.994152
0.994043
0.993934
0.993823
0.993712
0.993599
0.993486
0.993371
0.993256
0.993140
0.993022
0.992904
0.992784
0.992664
0.992542
0.992420
0.992297
0.992172
0.992047
0.991921
0.991793
0.991665
0.991535
0.991405
0.991274
0.991142
0.991008
0.990874
0.990739
0.990602
0.990465
0.990327
0.990188
0.990047
0.989906
0.989764
0.989621
0.989476
0.989331
0.989185
0.989038
0.988890
0.988741
0.988590
0.988439
0.988287
0.988134
0.987980
0.987825
0.987669
0.987512
0.987354
0.987195
0.987035
0.986874
0.986712
0.986549
0.986385
0.986220
0.986054
0.985887
0.985719
0.985550
0.985380
0.985210
0.985038
0.984865
0.984691
0.984516
0.984340
0.984164
0.983986
0.983807
0.983627
0.983447
0.983265
0.983082
0.982899
0.982714
0.982529
0.982342
0.982154
0.981966
0.981776
0.981586
0.981394
0.981202
0.981008
0.980814
0.980618
0.980422
0.980224
0.980026
0.979827
0.979626
0.979425
0.979223
0.979020
0.978815
0.978610
0.978404
0.978197
0.977988
0.977779
0.977569
0.977358
0.977146
0.976933
0.976719
0.976504
0.976288
0.976071
0.975853
0.975634
0.975414
0.975193
0.974971
0.974749
0.974525
0.974300
0.974074
0.973848
0.973620
0.973391
0.973162
0.972931
0.972699
0.972467
0.972233
0.971999
0.971763
0.971527
0.971290
0.971051
0.970812
0.970571
0.970330
0.970088
0.969845
0.969600
0.969355
0.969109
0.968862
0.968614
0.968365
0.968115
0.967864
0.967612
0.967359
0.967105
0.966850
0.966594
0.966338
0.966080
0.965821
0.965561
0.965301
0.965039
0.964777
0.964513
0.964248
0.963983
0.963717
0.963449
0.963181
0.962911
0.962641
0.962370
0.962098
0.961824
0.961550
0.961275
0.960999
0.960722
0.960444
0.960165
0.959885
0.959604
0.959323
0.959040
0.958756
0.958471
0.958186
0.957899
0.957611
0.957323
0.957033
0.956743
0.956451
0.956159
0.955866
0.955572
0.955276
0.954980
0.954683
0.954385
0.954086
0.953786
0.953485
0.953183
0.952880
0.952576
0.952271
0.951966
0.951659
0.951351
0.951043
0.950733
0.950423
0.950111
0.949799
0.949486
0.949171
0.948856
0.948540
0.948223
0.947905
0.947586
0.947266
0.946945
0.946623
0.946300
0.945976
0.945652
0.945326
0.944999
0.944672
0.944343
0.944014
0.943684
0.943352
0.943020
0.942687
0.942353
0.942017
0.941681
0.941344
0.941007
0.940668
0.940328
0.939987
0.939645
0.939303
0.938959
0.938615
0.938269
0.937923
0.937576
0.937227
0.936878
0.936528
0.936177
0.935825
0.935472
0.935118
0.934763
0.934408
0.934051
0.933693
0.933335
0.932975
0.932615
0.932254
0.931891
0.931528
0.931164
0.930799
0.930433
0.930066
0.929698
0.929329
0.928960
0.928589
0.928217
0.927845
0.927472
0.927097
0.926722
0.926346
0.925969
0.925591
0.925212
0.924832
0.924451
0.924069
0.923686
0.923303
0.922918
0.922533
0.922146
0.921759
0.921371
0.920982
0.920592
0.920201
0.919809
0.919416
0.919022
0.918627
0.918232
0.917835
0.917438
0.917040
0.916640
0.916240
0.915839
0.915437
0.915034
0.914630
0.914226
0.913820
0.913413
0.913006
0.912597
0.912188
0.911778
0.911367
0.910955
0.910542
0.910128
0.909713
0.909297
0.908881
0.908463
0.908045
0.907626
0.907205
0.906784
0.906362
0.905939
0.905515
0.905091
0.904665
0.904238
0.903811
0.903382
0.902953
0.902523
0.902092
0.901660
0.901227
0.900793
0.900358
0.899923
0.899486
0.899049
0.898611
0.898172
0.897731
0.897290
0.896849
0.896406
0.895962
0.895517
0.895072
0.894626
0.894178
0.893730
0.893281
0.892831
0.892380
0.891929
0.891476
0.891023
0.890568
0.890113
0.889657
0.889200
0.888742
0.888283
0.887823
0.887362
0.886901
0.886438
0.885975
0.885511
0.885046
0.884580
0.884113
0.883645
0.883177
0.882707
0.882237
0.881766
0.881294
0.880821
0.880347
0.879872
0.879396
0.878920
0.878442
0.877964
0.877485
0.877005
0.876524
0.876042
0.875559
0.875076
0.874591
0.874106
0.873620
0.873133
0.872645
0.872156
0.871667
0.871176
0.870685
0.870192
0.869699
0.869205
0.868710
0.868215
0.867718
0.867220
0.866722
0.866223
0.865723
0.865222
0.864720
0.864217
0.863714
0.863209
0.862704
0.862198
0.861691
0.861183
0.860674
0.860165
0.859654
0.859143
0.858631
0.858118
0.857604
0.857089
0.856574
0.856057
0.855540
0.855022
0.854503
0.853983
0.853462
0.852940
0.852418
0.851895
0.851371
0.850846
0.850320
0.849793
0.849266
0.848737
0.848208
0.847678
0.847147
0.846615
0.846082
0.845549
0.845015
0.844480
0.843944
0.843407
0.842869
0.842330
0.841791
0.841251
0.840710
0.840168
0.839625
0.839082
0.838537
0.837992
0.837446
0.836899
0.836351
0.835802
0.835253
0.834703
0.834152
0.833600
0.833047
0.832493
0.831939
0.831383
0.830827
0.830270
0.829713
0.829154
0.828595
0.828034
0.827473
0.826911
0.826349
0.825785
0.825221
0.824655
0.824089
0.823522
0.822955
0.822386
0.821817
0.821247
0.820676
0.820104
0.819531
0.818958
0.818384
0.817809
0.817233
0.816656
0.816078
0.815500
0.814921
0.814341
0.813760
0.813178
0.812596
0.812013
0.811429
0.810844
0.810258
0.809672
0.809085
0.808496
0.807907
0.807318
0.806727
0.806136
0.805544
0.804951
0.804357
0.803763
0.803167
0.802571
0.801974
0.801376
0.800778
0.800178
0.799578
0.798977
0.798376
0.797773
0.797170
0.796565
0.795961
0.795355
0.794748
0.794141
0.793533
0.792924
0.792314
0.791704
0.791092
0.790480
0.789867
0.789254
0.788639
0.788024
0.787408
0.786791
0.786173
0.785555
0.784936
0.784316
0.783695
0.783074
0.782451
0.781828
0.781204
0.780580
0.779954
0.779328
0.778701
0.778073
0.777445
0.776815
0.776185
0.775554
0.774923
0.774290
0.773657
0.773023
0.772388
0.771753
0.771116
0.770479
0.769841
0.769203
0.768563
0.767923
0.767282
0.766641
0.765998
0.765355
0.764711
0.764066
0.763421
0.762774
0.762127
0.761480
0.760831
0.760182
0.759532
0.758881
0.758229
0.757577
0.756924
0.756270
0.755615
0.754960
0.754304
0.753647
0.752989
0.752331
0.751671
0.751012
0.750351
0.749689
0.749027
0.748364
0.747701
0.747036
0.746371
0.745705
0.745039
0.744371
0.743703
0.743034
0.742365
0.741694
0.741023
0.740351
0.739679
0.739005
0.738331
0.737656
0.736981
0.736305
0.735628
0.734950
0.734271
0.733592
0.732912
0.732231
0.731550
0.730868
0.730185
0.729501
0.728817
0.728132
0.727446
0.726760
0.726072
0.725384
0.724696
0.724006
0.723316
0.722625
0.721934
0.721241
0.720548
0.719854
0.719160
0.718465
0.717769
0.717072
0.716375
0.715677
0.714978
0.714279
0.713578
0.712877
0.712176
0.711473
0.710770
0.710067
0.709362
0.708657
0.707951
0.707244
0.706537
0.705829
0.705120
0.704411
0.703701
0.702990
0.702278
0.701566
0.700853
0.700139
0.699425
0.698710
0.697994
0.697278
0.696561
0.695843
0.695124
0.694405
0.693685
0.692964
0.692243
0.691521
0.690798
0.690075
0.689351
0.688626
0.687901
0.687175
0.686448
0.685720
0.684992
0.684263
0.683533
0.682803
0.682072
0.681341
0.680608
0.679875
0.679142
0.678407
0.677672
0.676937
0.676200
0.675463
0.674725
0.673987
0.673248
0.672508
0.671768
0.671027
0.670285
0.669542
0.668799
0.668056
0.667311
0.666566
0.665820
0.665074
0.664327
0.663579
0.662830
0.662081
0.661332
0.660581
0.659830
0.659078
0.658326
0.657573
0.656819
0.656065
0.655310
0.654554
0.653798
0.653041
0.652283
0.651525
0.650766
0.650006
0.649246
0.648485
0.647724
0.646961
0.646198
0.645435
0.644671
0.643906
0.643141
0.642375
0.641608
0.640841
0.640073
0.639304
0.638535
0.637765
0.636994
0.636223
0.635451
0.634679
0.633906
0.633132
0.632358
0.631583
0.630807
0.630031
0.629254
0.628476
0.627698
0.626919
0.626140
0.625360
0.624579
0.623798
0.623016
0.622234
0.621450
0.620667
0.619882
0.619097
0.618312
0.617525
0.616739
0.615951
0.615163
0.614374
0.613585
0.612795
0.612004
0.611213
0.610422
0.609629
0.608836
0.608043
0.607248
0.606454
0.605658
0.604862
0.604065
0.603268
0.602470
0.601672
0.600873
0.600073
0.599273
0.598472
0.597671
0.596869
0.596066
0.595263
0.594459
0.593655
0.592850
0.592044
0.591238
0.590431
0.589624
0.588816
0.588007
0.587198
0.586388
0.585578
0.584767
0.583955
0.583143
0.582331
0.581517
0.580704
0.579889
0.579074
0.578259
0.577442
0.576626
0.575808
0.574991
0.574172
0.573353
0.572534
0.571713
0.570893
0.570071
0.569249
0.568427
0.567604
0.566780
0.565956
0.565132
0.564306
0.563480
0.562654
0.561827
0.560999
0.560171
0.559343
0.558513
0.557684
0.556853
0.556022
0.555191
0.554359
0.553526
0.552693
0.551860
0.551026
0.550191
0.549355
0.548520
0.547683
0.546846
0.546009
0.545171
0.544332
0.543493
0.542653
0.541813
0.540972
0.540131
0.539289
0.538447
0.537604
0.536760
0.535916
0.535072
0.534227
0.533381
0.532535
0.531688
0.530841
0.529993
0.529145
0.528296
0.527447
0.526597
0.525747
0.524896
0.524044
0.523192
0.522340
0.521487
0.520633
0.519779
0.518925
0.518070
0.517214
0.516358
0.515501
0.514644
0.513787
0.512928
0.512070
0.511211
0.510351
0.509491
0.508630
0.507769
0.506907
0.506045
0.505182
0.504319
0.503455
0.502591
0.501726
0.500860
0.499995
0.499128
0.498262
0.497394
0.496527
0.495658
0.494790
0.493920
0.493051
0.492180
0.491310
0.490438
0.489567
0.488694
0.487822
0.486949
0.486075
0.485201
0.484326
0.483451
0.482575
0.481699
0.480823
0.479946
0.479068
0.478190
0.477312
0.476433
0.475553
0.474673
0.473793
0.472912
0.472031
0.471149
0.470266
0.469384
0.468500
0.467617
0.466733
0.465848
0.464963
0.464077
0.463191
0.462305
0.461418
0.460530
0.459643
0.458754
0.457865
0.456976
0.456086
0.455196
0.454306
0.453415
0.452523
0.451631
0.450739
0.449846
0.448952
0.448059
0.447164
0.446270
0.445375
0.444479
0.443583
0.442687
0.441790
0.440892
0.439995
0.439096
0.438198
0.437299
0.436399
0.435499
0.434599
0.433698
0.432797
0.431895
0.430993
0.430090
0.429187
0.428284
0.427380
0.426476
0.425571
0.424666
0.423760
0.422854
0.421948
0.421041
0.420134
0.419226
0.418318
0.417409
0.416501
0.415591
0.414681
0.413771
0.412861
0.411950
0.411038
0.410126
0.409214
0.408302
0.407388
0.406475
0.405561
0.404647
0.403732
0.402817
0.401902
0.400986
0.400069
0.399153
0.398236
0.397318
0.396400
0.395482
0.394563
0.393644
0.392725
0.391805
0.390885
0.389964
0.389043
0.388122
0.387200
0.386278
0.385355
0.384432
0.383509
0.382585
0.381661
0.380736
0.379812
0.378886
0.377961
0.377035
0.376108
0.375182
0.374254
0.373327
0.372399
0.371471
0.370542
0.369613
0.368684
0.367754
0.366824
0.365893
0.364963
0.364031
0.363100
0.362168
0.361236
0.360303
0.359370
0.358437
0.357503
0.356569
0.355634
0.354700
0.353764
0.352829
0.351893
0.350957
0.350020
0.349083
0.348146
0.347208
0.346270
0.345332
0.344393
0.343454
0.342515
0.341575
0.340635
0.339695
0.338754
0.337813
0.336872
0.335930
0.334988
0.334046
0.333103
0.332160
0.331217
0.330273
0.329329
0.328384
0.327440
0.326495
0.325549
0.324604
0.323658
0.322711
0.321765
0.320818
0.319870
0.318923
0.317975
0.317027
0.316078
0.315129
0.314180
0.313230
0.312281
0.311330
0.310380
0.309429
0.308478
0.307527
0.306575
0.305623
0.304671
0.303718
0.302765
0.301812
0.300858
0.299905
0.298950
0.297996
0.297041
0.296086
0.295131
0.294175
0.293220
0.292263
0.291307
0.290350
0.289393
0.288436
0.287478
0.286520
0.285562
0.284603
0.283645
0.282686
0.281726
0.280767
0.279807
0.278846
0.277886
0.276925
0.275964
0.275003
0.274041
0.273079
0.272117
0.271155
0.270192
0.269229
0.268266
0.267303
0.266339
0.265375
0.264411
0.263446
0.262481
0.261516
0.260551
0.259585
0.258619
0.257653
0.256687
0.255720
0.254753
0.253786
0.252819
0.251851
0.250883
0.249915
0.248947
0.247978
0.247009
0.246040
0.245071
0.244101
0.243131
0.242161
0.241191
0.240220
0.239249
0.238278
0.237307
0.236335
0.235364
0.234392
0.233419
0.232447
0.231474
0.230501
0.229528
0.228555
0.227581
0.226607
0.225633
0.224659
0.223684
0.222709
0.221734
0.220759
0.219784
0.218808
0.217832
0.216856
0.215880
0.214903
0.213926
0.212949
0.211972
0.210995
0.210017
0.209039
0.208061
0.207083
0.206105
0.205126
0.204147
0.203168
0.202189
0.201210
0.200230
0.199250
0.198270
0.197290
0.196309
0.195329
0.194348
0.193367
0.192386
0.191404
0.190423
0.189441
0.188459
0.187477
0.186494
0.185512
0.184529
0.183546
0.182563
0.181580
0.180596
0.179613
0.178629
0.177645
0.176661
0.175676
0.174692
0.173707
0.172722
0.171737
0.170752
0.169766
0.168781
0.167795
0.166809
0.165823
0.164837
0.163851
0.162864
0.161877
0.160890
0.159903
0.158916
0.157929
0.156941
0.155953
0.154966
0.153978
0.152989
0.152001
0.151013
0.150024
0.149035
0.148046
0.147057
0.146068
0.145079
0.144089
0.143100
0.142110
0.141120
0.140130
0.139140
0.138149
0.137159
0.136168
0.135178
0.134187
0.133196
0.132204
0.131213
0.130222
0.129230
0.128239
0.127247
0.126255
0.125263
0.124271
0.123278
0.122286
0.121293
0.120301
0.119308
0.118315
0.117322
0.116329
0.115335
0.114342
0.113349
0.112355
0.111361
0.110367
0.109373
0.108379
0.107385
0.106391
0.105397
0.104402
0.103407
0.102413
0.101418
0.100423
0.099428
0.098433
0.097438
0.096443
0.095447
0.094452
0.093456
0.092460
0.091465
0.090469
0.089473
0.088477
0.087481
0.086484
0.085488
0.084492
0.083495
0.082499
0.081502
0.080505
0.079509
0.078512
0.077515
0.076518
0.075521
0.074523
0.073526
0.072529
0.071532
0.070534
0.069536
0.068539
0.067541
0.066543
0.065546
0.064548
0.063550
0.062552
0.061554
0.060556
0.059557
0.058559
0.057561
0.056562
0.055564
0.054566
0.053567
0.052568
0.051570
0.050571
0.049572
0.048574
0.047575
0.046576
0.045577
0.044578
0.043579
0.042580
0.041581
0.040582
0.039582
0.038583
0.037584
0.036584
0.035585
0.034586
0.033586
0.032587
0.031587
0.030588
0.029588
0.028589
0.027589
0.026590
0.025590
0.024590
0.023590
0.022591
0.021591
0.020591
0.019591
0.018592
0.017592
0.016592
0.015592
0.014592
0.013592
0.012592
0.011592
0.010592
0.009593
0.008593
0.007593
0.006593
0.005593
0.004593
0.003593
0.002593
0.001593
0.000593
-0.000407
-0.001407
-0.002407
-0.003407
-0.004407
-0.005407
-0.006407
-0.007407
-0.008407
-0.009407
-0.010407
-0.011407
-0.012407
-0.013407
-0.014407
-0.015407
-0.016407
-0.017406
-0.018406
-0.019406
-0.020406
-0.021406
-0.022405
-0.023405
-0.024405
-0.025405
-0.026404
-0.027404
-0.028404
-0.029403
-0.030403
-0.031402
-0.032402
-0.033401
-0.034401
-0.035400
-0.036399
-0.037399
-0.038398
-0.039397
-0.040396
-0.041396
-0.042395
-0.043394
-0.044393
-0.045392
-0.046391
-0.047390
-0.048388
-0.049387
-0.050386
-0.051385
-0.052383
-0.053382
-0.054381
-0.055379
-0.056377
-0.057376
-0.058374
-0.059372
-0.060371
-0.061369
-0.062367
-0.063365
-0.064363
-0.065361
-0.066359
-0.067356
-0.068354
-0.069352
-0.070349
-0.071347
-0.072344
-0.073341
-0.074339
-0.075336
-0.076333
-0.077330
-0.078327
-0.079324
-0.080321
-0.081317
-0.082314
-0.083311
-0.084307
-0.085304
-0.086300
-0.087296
-0.088292
-0.089288
-0.090284
-0.091280
-0.092276
-0.093272
-0.094267
-0.095263
-0.096258
-0.097253
-0.098249
-0.099244
-0.100239
-0.101234
-0.102228
-0.103223
-0.104218
-0.105212
-0.106207
-0.107201
-0.108195
-0.109189
-0.110183
-0.111177
-0.112171
-0.113164
-0.114158
-0.115151
-0.116145
-0.117138
-0.118131
-0.119124
-0.120117
-0.121109
-0.122102
-0.123094
-0.124087
-0.125079
-0.126071
-0.127063
-0.128055
-0.129046
-0.130038
-0.131029
-0.132021
-0.133012
-0.134003
-0.134994
-0.135985
-0.136975
-0.137966
-0.138956
-0.139946
-0.140937
-0.141927
-0.142916
-0.143906
-0.144895
-0.145885
-0.146874
-0.147863
-0.148852
-0.149841
-0.150830
-0.151818
-0.152806
-0.153795
-0.154783
-0.155770
-0.156758
-0.157746
-0.158733
-0.159720
-0.160707
-0.161694
-0.162681
-0.163668
-0.164654
-0.165640
-0.166627
-0.167612
-0.168598
-0.169584
-0.170569
-0.171555
-0.172540
-0.173525
-0.174509
-0.175494
-0.176478
-0.177462
-0.178446
-0.179430
-0.180414
-0.181398
-0.182381
-0.183364
-0.184347
-0.185330
-0.186312
-0.187295
-0.188277
-0.189259
-0.190241
-0.191222
-0.192204
-0.193185
-0.194166
-0.195147
-0.196128
-0.197108
-0.198088
-0.199069
-0.200048
-0.201028
-0.202008
-0.202987
-0.203966
-0.204945
-0.205924
-0.206902
-0.207880
-0.208858
-0.209836
-0.210814
-0.211791
-0.212768
-0.213745
-0.214722
-0.215699
-0.216675
-0.217651
-0.218627
-0.219603
-0.220578
-0.221554
-0.222529
-0.223503
-0.224478
-0.225452
-0.226427
-0.227400
-0.228374
-0.229348
-0.230321
-0.231294
-0.232267
-0.233239
-0.234211
-0.235183
-0.236155
-0.237127
-0.238098
-0.239069
-0.240040
-0.241011
-0.241981
-0.242951
-0.243921
-0.244891
-0.245861
-0.246830
-0.247799
-0.248767
-0.249736
-0.250704
-0.251672
-0.252640
-0.253607
-0.254574
-0.255541
-0.256508
-0.257474
-0.258440
-0.259406
-0.260372
-0.261337
-0.262302
-0.263267
-0.264232
-0.265196
-0.266160
-0.267124
-0.268088
-0.269051
-0.270014
-0.270977
-0.271939
-0.272901
-0.273863
-0.274825
-0.275786
-0.276747
-0.277708
-0.278668
-0.279629
-0.280589
-0.281548
-0.282508
-0.283467
-0.284426
-0.285384
-0.286343
-0.287301
-0.288258
-0.289216
-0.290173
-0.291130
-0.292086
-0.293042
-0.293998
-0.294954
-0.295909
-0.296864
-0.297819
-0.298774
-0.299728
-0.300682
-0.301635
-0.302589
-0.303542
-0.304494
-0.305447
-0.306399
-0.307350
-0.308302
-0.309253
-0.310204
-0.311154
-0.312104
-0.313054
-0.314004
-0.314953
-0.315902
-0.316851
-0.317799
-0.318747
-0.319695
-0.320642
-0.321589
-0.322536
-0.323482
-0.324428
-0.325374
-0.326320
-0.327265
-0.328209
-0.329154
-0.330098
-0.331042
-0.331985
-0.332928
-0.333871
-0.334814
-0.335756
-0.336697
-0.337639
-0.338580
-0.339521
-0.340461
-0.341401
-0.342341
-0.343280
-0.344219
-0.345158
-0.346097
-0.347035
-0.347972
-0.348910
-0.349847
-0.350783
-0.351720
-0.352655
-0.353591
-0.354526
-0.355461
-0.356396
-0.357330
-0.358264
-0.359197
-0.360130
-0.361063
-0.361995
-0.362927
-0.363859
-0.364790
-0.365721
-0.366652
-0.367582
-0.368512
-0.369441
-0.370370
-0.371299
-0.372227
-0.373155
-0.374083
-0.375010
-0.375937
-0.376863
-0.377789
-0.378715
-0.379640
-0.380565
-0.381490
-0.382414
-0.383338
-0.384261
-0.385184
-0.386107
-0.387029
-0.387951
-0.388872
-0.389794
-0.390714
-0.391635
-0.392554
-0.393474
-0.394393
-0.395312
-0.396230
-0.397148
-0.398066
-0.398983
-0.399900
-0.400816
-0.401732
-0.402648
-0.403563
-0.404477
-0.405392
-0.406306
-0.407219
-0.408132
-0.409045
-0.409957
-0.410869
-0.411781
-0.412692
-0.413603
-0.414513
-0.415423
-0.416332
-0.417241
-0.418150
-0.419058
-0.419966
-0.420873
-0.421780
-0.422686
-0.423592
-0.424498
-0.425403
-0.426308
-0.427212
-0.428116
-0.429020
-0.429923
-0.430826
-0.431728
-0.432630
-0.433531
-0.434432
-0.435332
-0.436232
-0.437132
-0.438031
-0.438930
-0.439828
-0.440726
-0.441623
-0.442520
-0.443417
-0.444313
-0.445209
-0.446104
-0.446999
-0.447893
-0.448787
-0.449680
-0.450573
-0.451466
-0.452358
-0.453249
-0.454141
-0.455031
-0.455922
-0.456811
-0.457701
-0.458590
-0.459478
-0.460366
-0.461253
-0.462140
-0.463027
-0.463913
-0.464799
-0.465684
-0.466569
-0.467453
-0.468337
-0.469220
-0.470103
-0.470985
-0.471867
-0.472749
-0.473630
-0.474510
-0.475390
-0.476270
-0.477149
-0.478027
-0.478905
-0.479783
-0.480660
-0.481537
-0.482413
-0.483289
-0.484164
-0.485039
-0.485913
-0.486787
-0.487660
-0.488533
-0.489405
-0.490277
-0.491148
-0.492019
-0.492889
-0.493759
-0.494629
-0.495497
-0.496366
-0.497234
-0.498101
-0.498968
-0.499834
-0.500700
-0.501565
-0.502430
-0.503295
-0.504159
-0.505022
-0.505885
-0.506747
-0.507609
-0.508470
-0.509331
-0.510191
-0.511051
-0.511911
-0.512769
-0.513628
-0.514485
-0.515343
-0.516199
-0.517056
-0.517911
-0.518766
-0.519621
-0.520475
-0.521329
-0.522182
-0.523034
-0.523887
-0.524738
-0.525589
-0.526440
-0.527289
-0.528139
-0.528988
-0.529836
-0.530684
-0.531531
-0.532378
-0.533224
-0.534070
-0.534915
-0.535760
-0.536604
-0.537447
-0.538291
-0.539133
-0.539975
-0.540816
-0.541657
-0.542498
-0.543337
-0.544177
-0.545015
-0.545853
-0.546691
-0.547528
-0.548365
-0.549201
-0.550036
-0.550871
-0.551705
-0.552539
-0.553372
-0.554205
-0.555037
-0.555868
-0.556699
-0.557530
-0.558360
-0.559189
-0.560018
-0.560846
-0.561674
-0.562501
-0.563327
-0.564153
-0.564979
-0.565803
-0.566628
-0.567451
-0.568275
-0.569097
-0.569919
-0.570740
-0.571561
-0.572382
-0.573201
-0.574020
-0.574839
-0.575657
-0.576474
-0.577291
-0.578107
-0.578923
-0.579738
-0.580553
-0.581367
-0.582180
-0.582993
-0.583805
-0.584617
-0.585428
-0.586238
-0.587048
-0.587857
-0.588666
-0.589474
-0.590281
-0.591088
-0.591895
-0.592700
-0.593505
-0.594310
-0.595114
-0.595917
-0.596720
-0.597522
-0.598324
-0.599125
-0.599925
-0.600725
-0.601524
-0.602322
-0.603120
-0.603918
-0.604714
-0.605511
-0.606306
-0.607101
-0.607895
-0.608689
-0.609482
-0.610275
-0.611067
-0.611858
-0.612649
-0.613439
-0.614228
-0.615017
-0.615805
-0.616593
-0.617380
-0.618166
-0.618952
-0.619737
-0.620521
-0.621305
-0.622088
-0.622871
-0.623653
-0.624435
-0.625215
-0.625995
-0.626775
-0.627554
-0.628332
-0.629110
-0.629887
-0.630663
-0.631439
-0.632214
-0.632988
-0.633762
-0.634535
-0.635308
-0.636080
-0.636851
-0.637622
-0.638392
-0.639161
-0.639930
-0.640698
-0.641466
-0.642233
-0.642999
-0.643764
-0.644529
-0.645293
-0.646057
-0.646820
-0.647582
-0.648344
-0.649105
-0.649865
-0.650625
-0.651384
-0.652143
-0.652900
-0.653658
-0.654414
-0.655170
-0.655925
-0.656679
-0.657433
-0.658186
-0.658939
-0.659691
-0.660442
-0.661193
-0.661943
-0.662692
-0.663440
-0.664188
-0.664935
-0.665682
-0.666428
-0.667173
-0.667918
-0.668662
-0.669405
-0.670147
-0.670889
-0.671631
-0.672371
-0.673111
-0.673850
-0.674589
-0.675327
-0.676064
-0.676800
-0.677536
-0.678271
-0.679006
-0.679739
-0.680473
-0.681205
-0.681937
-0.682668
-0.683398
-0.684128
-0.684857
-0.685585
-0.686313
-0.687040
-0.687766
-0.688492
-0.689217
-0.689941
-0.690664
-0.691387
-0.692109
-0.692831
-0.693552
-0.694272
-0.694991
-0.695710
-0.696428
-0.697145
-0.697861
-0.698577
-0.699293
-0.700007
-0.700721
-0.701434
-0.702146
-0.702858
-0.703569
-0.704279
-0.704989
-0.705698
-0.706406
-0.707113
-0.707820
-0.708526
-0.709231
-0.709936
-0.710640
-0.711343
-0.712046
-0.712747
-0.713448
-0.714149
-0.714848
-0.715547
-0.716246
-0.716943
-0.717640
-0.718336
-0.719031
-0.719726
-0.720420
-0.721113
-0.721805
-0.722497
-0.723188
-0.723878
-0.724568
-0.725257
-0.725945
-0.726632
-0.727319
-0.728005
-0.728690
-0.729375
-0.730058
-0.730741
-0.731424
-0.732105
-0.732786
-0.733466
-0.734146
-0.734824
-0.735502
-0.736179
-0.736856
-0.737531
-0.738206
-0.738880
-0.739554
-0.740227
-0.740899
-0.741570
-0.742240
-0.742910
-0.743579
-0.744247
-0.744915
-0.745582
-0.746248
-0.746913
-0.747578
-0.748241
-0.748904
-0.749567
-0.750228
-0.750889
-0.751549
-0.752208
-0.752867
-0.753525
-0.754182
-0.754838
-0.755494
-0.756148
-0.756802
-0.757456
-0.758108
-0.758760
-0.759411
-0.760061
-0.760711
-0.761359
-0.762007
-0.762655
-0.763301
-0.763947
-0.764592
-0.765236
-0.765879
-0.766522
-0.767163
-0.767805
-0.768445
-0.769084
-0.769723
-0.770361
-0.770998
-0.771635
-0.772270
-0.772905
-0.773540
-0.774173
-0.774805
-0.775437
-0.776068
-0.776699
-0.777328
-0.777957
-0.778585
-0.779212
-0.779838
-0.780464
-0.781089
-0.781713
-0.782336
-0.782958
-0.783580
-0.784201
-0.784821
-0.785440
-0.786059
-0.786677
-0.787294
-0.787910
-0.788525
-0.789140
-0.789754
-0.790367
-0.790979
-0.791590
-0.792201
-0.792811
-0.793420
-0.794028
-0.794636
-0.795242
-0.795848
-0.796453
-0.797058
-0.797661
-0.798264
-0.798866
-0.799467
-0.800067
-0.800667
-0.801265
-0.801863
-0.802461
-0.803057
-0.803652
-0.804247
-0.804841
-0.805434
-0.806026
-0.806618
-0.807208
-0.807798
-0.808387
-0.808976
-0.809563
-0.810150
-0.810735
-0.811320
-0.811905
-0.812488
-0.813071
-0.813652
-0.814233
-0.814813
-0.815393
-0.815971
-0.816549
-0.817126
-0.817702
-0.818277
-0.818852
-0.819425
-0.819998
-0.820570
-0.821141
-0.821711
-0.822281
-0.822849
-0.823417
-0.823984
-0.824551
-0.825116
-0.825680
-0.826244
-0.826807
-0.827369
-0.827930
-0.828491
-0.829050
-0.829609
-0.830167
-0.830724
-0.831280
-0.831836
-0.832391
-0.832944
-0.833497
-0.834049
-0.834601
-0.835151
-0.835701
-0.836249
-0.836797
-0.837344
-0.837891
-0.838436
-0.838981
-0.839524
-0.840067
-0.840609
-0.841151
-0.841691
-0.842231
-0.842769
-0.843307
-0.843844
-0.844380
-0.844916
-0.845450
-0.845984
-0.846516
-0.847048
-0.847580
-0.848110
-0.848639
-0.849168
-0.849695
-0.850222
-0.850748
-0.851273
-0.851798
-0.852321
-0.852844
-0.853365
-0.853886
-0.854406
-0.854926
-0.855444
-0.855961
-0.856478
-0.856994
-0.857509
-0.858023
-0.858536
-0.859048
-0.859560
-0.860070
-0.860580
-0.861089
-0.861597
-0.862104
-0.862610
-0.863116
-0.863620
-0.864124
-0.864627
-0.865129
-0.865630
-0.866130
-0.866630
-0.867128
-0.867626
-0.868123
-0.868619
-0.869114
-0.869608
-0.870101
-0.870594
-0.871085
-0.871576
-0.872066
-0.872555
-0.873043
-0.873530
-0.874016
-0.874502
-0.874986
-0.875470
-0.875953
-0.876435
-0.876916
-0.877396
-0.877875
-0.878354
-0.878831
-0.879308
-0.879784
-0.880259
-0.880733
-0.881206
-0.881678
-0.882150
-0.882620
-0.883090
-0.883559
-0.884027
-0.884494
-0.884960
-0.885425
-0.885889
-0.886353
-0.886815
-0.887277
-0.887738
-0.888198
-0.888657
-0.889115
-0.889572
-0.890028
-0.890484
-0.890938
-0.891392
-0.891845
-0.892297
-0.892748
-0.893198
-0.893647
-0.894095
-0.894543
-0.894989
-0.895435
-0.895880
-0.896324
-0.896767
-0.897209
-0.897650
-0.898090
-0.898529
-0.898968
-0.899405
-0.899842
-0.900278
-0.900713
-0.901147
-0.901580
-0.902012
-0.902443
-0.902874
-0.903303
-0.903732
-0.904159
-0.904586
-0.905012
-0.905437
-0.905861
-0.906284
-0.906706
-0.907127
-0.907548
-0.907967
-0.908386
-0.908804
-0.909220
-0.909636
-0.910051
-0.910465
-0.910878
-0.911290
-0.911702
-0.912112
-0.912522
-0.912930
-0.913338
-0.913745
-0.914150
-0.914555
-0.914959
-0.915363
-0.915765
-0.916166
-0.916566
-0.916966
-0.917364
-0.917762
-0.918158
-0.918554
-0.918949
-0.919343
-0.919736
-0.920128
-0.920519
-0.920909
-0.921299
-0.921687
-0.922075
-0.922461
-0.922847
-0.923232
-0.923615
-0.923998
-0.924380
-0.924761
-0.925141
-0.925520
-0.925899
-0.926276
-0.926652
-0.927028
-0.927402
-0.927776
-0.928149
-0.928520
-0.928891
-0.929261
-0.929630
-0.929998
-0.930365
-0.930731
-0.931096
-0.931461
-0.931824
-0.932187
-0.932548
-0.932909
-0.933268
-0.933627
-0.933985
-0.934342
-0.934698
-0.935053
-0.935407
-0.935760
-0.936112
-0.936463
-0.936813
-0.937163
-0.937511
-0.937859
-0.938205
-0.938551
-0.938896
-0.939239
-0.939582
-0.939924
-0.940265
-0.940605
-0.940944
-0.941282
-0.941619
-0.941955
-0.942291
-0.942625
-0.942958
-0.943291
-0.943622
-0.943953
-0.944282
-0.944611
-0.944939
-0.945266
-0.945591
-0.945916
-0.946240
-0.946563
-0.946885
-0.947206
-0.947526
-0.947846
-0.948164
-0.948481
-0.948798
-0.949113
-0.949427
-0.949741
-0.950054
-0.950365
-0.950676
-0.950986
-0.951294
-0.951602
-0.951909
-0.952215
-0.952520
-0.952824
-0.953127
-0.953429
-0.953730
-0.954030
-0.954329
-0.954628
-0.954925
-0.955221
-0.955517
-0.955811
-0.956105
-0.956397
-0.956689
-0.956980
-0.957269
-0.957558
-0.957846
-0.958133
-0.958418
-0.958703
-0.958987
-0.959270
-0.959552
-0.959833
-0.960113
-0.960392
-0.960671
-0.960948
-0.961224
-0.961499
-0.961774
-0.962047
-0.962319
-0.962591
-0.962861
-0.963131
-0.963399
-0.963667
-0.963934
-0.964199
-0.964464
-0.964728
-0.964991
-0.965252
-0.965513
-0.965773
-0.966032
-0.966290
-0.966547
-0.966803
-0.967058
-0.967312
-0.967565
-0.967817
-0.968068
-0.968319
-0.968568
-0.968816
-0.969063
-0.969310
-0.969555
-0.969799
-0.970043
-0.970285
-0.970527
-0.970767
-0.971007
-0.971245
-0.971483
-0.971720
-0.971955
-0.972190
-0.972424
-0.972656
-0.972888
-0.973119
-0.973349
-0.973578
-0.973806
-0.974032
-0.974258
-0.974483
-0.974707
-0.974930
-0.975152
-0.975373
-0.975593
-0.975812
-0.976031
-0.976248
-0.976464
-0.976679
-0.976893
-0.977107
-0.977319
-0.977530
-0.977740
-0.977950
-0.978158
-0.978365
-0.978572
-0.978777
-0.978982
-0.979185
-0.979388
-0.979589
-0.979790
-0.979989
-0.980188
-0.980385
-0.980582
-0.980778
-0.980972
-0.981166
-0.981359
-0.981550
-0.981741
-0.981931
-0.982119
-0.982307
-0.982494
-0.982680
-0.982865
-0.983048
-0.983231
-0.983413
-0.983594
-0.983774
-0.983953
-0.984131
-0.984308
-0.984484
-0.984659
-0.984833
-0.985006
-0.985178
-0.985349
-0.985519
-0.985688
-0.985856
-0.986023
-0.986189
-0.986354
-0.986519
-0.986682
-0.986844
-0.987005
-0.987165
-0.987324
-0.987483
-0.987640
-0.987796
-0.987951
-0.988106
-0.988259
-0.988411
-0.988563
-0.988713
-0.988862
-0.989011
-0.989158
-0.989304
-0.989450
-0.989594
-0.989737
-0.989880
-0.990021
-0.990162
-0.990301
-0.990440
-0.990577
-0.990713
-0.990849
-0.990983
-0.991117
-0.991249
-0.991381
-0.991511
-0.991641
-0.991769
-0.991897
-0.992024
-0.992149
-0.992274
-0.992397
-0.992520
-0.992641
-0.992762
-0.992882
-0.993000
-0.993118
-0.993234
-0.993350
-0.993465
-0.993578
-0.993691
-0.993803
-0.993913
-0.994023
-0.994132
-0.994239
-0.994346
-0.994452
-0.994556
-0.994660
-0.994763
-0.994865
-0.994965
-0.995065
-0.995164
-0.995261
-0.995358
-0.995454
-0.995549
-0.995642
-0.995735
-0.995827
-0.995918
-0.996007
-0.996096
-0.996184
-0.996271
-0.996357
-0.996441
-0.996525
-0.996608
-0.996690
-0.996771
-0.996850
-0.996929
-0.997007
-0.997084
-0.997160
-0.997234
-0.997308
-0.997381
-0.997453
-0.997524
-0.997594
-0.997662
-0.997730
-0.997797
-0.997863
-0.997928
-0.997992
-0.998054
-0.998116
-0.998177
-0.998237
-0.998296
-0.998354
-0.998411
-0.998466
-0.998521
-0.998575
-0.998628
-0.998680
-0.998731
-0.998781
-0.998829
-0.998877
-0.998924
-0.998970
-0.999015
-0.999059
-0.999102
-0.999144
-0.999184
-0.999224
-0.999263
-0.999301
-0.999338
-0.999374
-0.999409
-0.999443
-0.999476
-0.999507
-0.999538
-0.999568
-0.999597
-0.999625
-0.999652
-0.999678
-0.999703
-0.999726
-0.999749
-0.999771
-0.999792
-0.999812
-0.999831
-0.999849
-0.999866
-0.999882
-0.999896
-0.999910
-0.999923
-0.999935
-0.999946
-0.999956
-0.999965
-0.999973
-0.999980
-0.999985
-0.999990
-0.999994
-0.999997
-0.999999
-1.000000
-1.000000
-0.999999
-0.999997
-0.999993
-0.999989
-0.999984
-0.999978
-0.999971
-0.999963
-0.999954
-0.999944
-0.999933
-0.999920
-0.999907
-0.999893
-0.999878
-0.999862
-0.999845
-0.999827
-0.999808
-0.999788
-0.999766
-0.999744
-0.999721
-0.999697
-0.999672
-0.999646
-0.999619
-0.999591
-0.999562
-0.999532
-0.999500
-0.999468
-0.999435
-0.999401
-0.999366
-0.999330
-0.999293
-0.999255
-0.999216
-0.999175
-0.999134
-0.999092
-0.999049
-0.999005
-0.998960
-0.998914
-0.998867
-0.998819
-0.998770
-0.998720
-0.998668
-0.998616
-0.998563
-0.998509
-0.998454
-0.998398
-0.998341
-0.998283
-0.998224
-0.998164
-0.998103
-0.998041
-0.997978
-0.997913
-0.997848
-0.997782
-0.997715
-0.997647
-0.997578
-0.997508
-0.997437
-0.997365
-0.997292
-0.997218
-0.997143
-0.997067
-0.996990
-0.996912
-0.996833
-0.996753
-0.996672
-0.996590
-0.996507
-0.996423
-0.996338
-0.996252
-0.996165
-0.996077
-0.995988
-0.995898
-0.995807
-0.995715
-0.995622
-0.995528
-0.995433
-0.995337
-0.995240
-0.995142
-0.995043
-0.994943
-0.994842
-0.994740
-0.994637
-0.994533
-0.994428
-0.994322
-0.994216
-0.994108
-0.993999
-0.993889
-0.993778
-0.993666
-0.993553
-0.993439
-0.993324
-0.993209
-0.993092
-0.992974
-0.992855
-0.992735
-0.992614
-0.992493
-0.992370
-0.992246
-0.992121
-0.991996
-0.991869
-0.991741
-0.991612
-0.991482
-0.991352
-0.991220
-0.991087
-0.990954
-0.990819
-0.990683
-0.990547
-0.990409
-0.990270
-0.990131
-0.989990
-0.989848
-0.989706
-0.989562
-0.989417
-0.989272
-0.989125
-0.988978
-0.988829
-0.988680
-0.988529
-0.988378
-0.988225
-0.988072
-0.987917
-0.987762
-0.987605
-0.987448
-0.987289
-0.987130
-0.986969
-0.986808
-0.986646
-0.986482
-0.986318
-0.986152
-0.985986
-0.985819
-0.985651
-0.985481
-0.985311
-0.985140
-0.984967
-0.984794
-0.984620
-0.984445
-0.984269
-0.984091
-0.983913
-0.983734
-0.983554
-0.983373
-0.983191
-0.983008
-0.982824
-0.982639
-0.982453
-0.982266
-0.982078
-0.981889
-0.981699
-0.981508
-0.981316
-0.981123
-0.980929
-0.980734
-0.980538
-0.980342
-0.980144
-0.979945
-0.979745
-0.979545
-0.979343
-0.979140
-0.978936
-0.978732
-0.978526
-0.978320
-0.978112
-0.977903
-0.977694
-0.977483
-0.977272
-0.977059
-0.976846
-0.976631
-0.976416
-0.976200
-0.975982
-0.975764
-0.975545
-0.975324
-0.975103
-0.974881
-0.974658
-0.974433
-0.974208
-0.973982
-0.973755
-0.973527
-0.973298
-0.973068
-0.972837
-0.972605
-0.972372
-0.972138
-0.971903
-0.971667
-0.971430
-0.971193
-0.970954
-0.970714
-0.970473
-0.970232
-0.969989
-0.969745
-0.969501
-0.969255
-0.969009
-0.968761
-0.968513
-0.968263
-0.968013
-0.967761
-0.967509
-0.967256
-0.967001
-0.966746
-0.966490
-0.966233
-0.965975
-0.965715
-0.965455
-0.965194
-0.964932
-0.964669
-0.964405
-0.964140
-0.963875
-0.963608
-0.963340
-0.963071
-0.962801
-0.962531
-0.962259
-0.961986
-0.961713
-0.961438
-0.961163
-0.960886
-0.960609
-0.960331
-0.960051
-0.959771
-0.959490
-0.959207
-0.958924
-0.958640
-0.958355
-0.958069
-0.957782
-0.957494
-0.957205
-0.956915
-0.956624
-0.956333
-0.956040
-0.955746
-0.955451
-0.955156
-0.954859
-0.954562
-0.954263
-0.953964
-0.953663
-0.953362
-0.953060
-0.952756
-0.952452
-0.952147
-0.951841
-0.951534
-0.951226
-0.950917
-0.950607
-0.950296
-0.949984
-0.949671
-0.949358
-0.949043
-0.948727
-0.948411
-0.948093
-0.947775
-0.947455
-0.947135
-0.946814
-0.946492
-0.946168
-0.945844
-0.945519
-0.945193
-0.944866
-0.944538
-0.944209
-0.943879
-0.943549
-0.943217
-0.942884
-0.942551
-0.942216
-0.941881
-0.941544
-0.941207
-0.940869
-0.940529
-0.940189
-0.939848
-0.939506
-0.939163
-0.938819
-0.938474
-0.938128
-0.937782
-0.937434
-0.937085
-0.936736
-0.936385
-0.936034
-0.935681
-0.935328
-0.934974
-0.934619
-0.934263
-0.933905
-0.933547
-0.933189
-0.932829
-0.932468
-0.932106
-0.931744
-0.931380
-0.931015
-0.930650
-0.930284
-0.929916
-0.929548
-0.929179
-0.928809
-0.928438
-0.928066
-0.927693
-0.927319
-0.926944
-0.926569
-0.926192
-0.925815
-0.925436
-0.925057
-0.924677
-0.924295
-0.923913
-0.923530
-0.923146
-0.922761
-0.922375
-0.921989
-0.921601
-0.921212
-0.920823
-0.920432
-0.920041
-0.919649
-0.919256
-0.918861
-0.918466
-0.918070
-0.917674
-0.917276
-0.916877
-0.916477
-0.916077
-0.915675
-0.915273
-0.914870
-0.914466
-0.914060
-0.913654
-0.913247
-0.912840
-0.912431
-0.912021
-0.911611
-0.911199
-0.910787
-0.910373
-0.909959
-0.909544
-0.909128
-0.908711
-0.908293
-0.907874
-0.907454
-0.907034
-0.906612
-0.906190
-0.905767
-0.905342
-0.904917
-0.904491
-0.904064
-0.903636
-0.903208
-0.902778
-0.902347
-0.901916
-0.901484
-0.901050
-0.900616
-0.900181
-0.899745
-0.899308
-0.898871
-0.898432
-0.897992
-0.897552
-0.897111
-0.896668
-0.896225
-0.895781
-0.895336
-0.894890
-0.894444
-0.893996
-0.893547
-0.893098
-0.892648
-0.892196
-0.891744
-0.891291
-0.890838
-0.890383
-0.889927
-0.889471
-0.889013
-0.888555
-0.888096
-0.887635
-0.887174
-0.886713
-0.886250
-0.885786
-0.885322
-0.884856
-0.884390
-0.883923
-0.883455
-0.882986
-0.882516
-0.882045
-0.881574
-0.881101
-0.880628
-0.880153
-0.879678
-0.879202
-0.878725
-0.878248
-0.877769
-0.877289
-0.876809
-0.876328
-0.875846
-0.875363
-0.874879
-0.874394
-0.873908
-0.873422
-0.872934
-0.872446
-0.871957
-0.871467
-0.870976
-0.870484
-0.869992
-0.869498
-0.869004
-0.868508
-0.868012
-0.867515
-0.867018
-0.866519
-0.866019
-0.865519
-0.865018
-0.864515
-0.864012
-0.863508
-0.863004
-0.862498
-0.861992
-0.861484
-0.860976
-0.860467
-0.859957
-0.859446
-0.858934
-0.858422
-0.857909
-0.857394
-0.856879
-0.856363
-0.855847
-0.855329
-0.854810
-0.854291
-0.853771
-0.853250
-0.852728
-0.852205
-0.851681
-0.851157
-0.850632
-0.850105
-0.849578
-0.849050
-0.848522
-0.847992
-0.847462
-0.846930
-0.846398
-0.845865
-0.845331
-0.844797
-0.844261
-0.843725
-0.843188
-0.842650
-0.842111
-0.841571
-0.841031
-0.840489
-0.839947
-0.839404
-0.838860
-0.838315
-0.837769
-0.837223
-0.836676
-0.836128
-0.835579
-0.835029
-0.834478
-0.833927
-0.833375
-0.832821
-0.832267
-0.831713
-0.831157
-0.830601
-0.830043
-0.829485
-0.828926
-0.828366
-0.827806
-0.827244
-0.826682
-0.826119
-0.825555
-0.824990
-0.824425
-0.823859
-0.823291
-0.822723
-0.822154
-0.821585
-0.821014
-0.820443
-0.819871
-0.819298
-0.818724
-0.818149
-0.817574
-0.816998
-0.816421
-0.815843
-0.815264
-0.814685
-0.814104
-0.813523
-0.812941
-0.812359
-0.811775
-0.811191
-0.810605
-0.810019
-0.809433
-0.808845
-0.808257
-0.807667
-0.807077
-0.806486
-0.805895
-0.805302
-0.804709
-0.804115
-0.803520
-0.802924
-0.802328
-0.801731
-0.801133
-0.800534
-0.799934
-0.799334
-0.798732
-0.798130
-0.797527
-0.796924
-0.796319
-0.795714
-0.795108
-0.794501
-0.793893
-0.793285
-0.792676
-0.792066
-0.791455
-0.790843
-0.790231
-0.789617
-0.789003
-0.788389
-0.787773
-0.787157
-0.786540
-0.785922
-0.785303
-0.784683
-0.784063
-0.783442
-0.782820
-0.782198
-0.781574
-0.780950
-0.780325
-0.779699
-0.779073
-0.778445
-0.777817
-0.777188
-0.776559
-0.775928
-0.775297
-0.774665
-0.774032
-0.773399
-0.772764
-0.772129
-0.771494
-0.770857
-0.770220
-0.769581
-0.768942
-0.768303
-0.767662
-0.767021
-0.766379
-0.765736
-0.765093
-0.764448
-0.763803
-0.763158
-0.762511
-0.761864
-0.761215
-0.760567
-0.759917
-0.759267
-0.758615
-0.757963
-0.757311
-0.756657
-0.756003
-0.755348
-0.754693
-0.754036
-0.753379
-0.752721
-0.752062
-0.751403
-0.750742
-0.750082
-0.749420
-0.748757
-0.748094
-0.747430
-0.746765
-0.746100
-0.745434
-0.744767
-0.744099
-0.743431
-0.742761
-0.742092
-0.741421
-0.740749
-0.740077
-0.739404
-0.738731
-0.738056
-0.737381
-0.736705
-0.736029
-0.735352
-0.734674
-0.733995
-0.733315
-0.732635
-0.731954
-0.731272
-0.730590
-0.729907
-0.729223
-0.728538
-0.727853
-0.727167
-0.726480
-0.725792
-0.725104
-0.724415
-0.723725
-0.723035
-0.722344
-0.721652
-0.720959
-0.720266
-0.719572
-0.718877
-0.718181
-0.717485
-0.716788
-0.716091
-0.715392
-0.714693
-0.713993
-0.713293
-0.712592
-0.711890
-0.711187
-0.710484
-0.709780
-0.709075
-0.708369
-0.707663
-0.706956
-0.706249
-0.705540
-0.704831
-0.704122
-0.703411
-0.702700
-0.701988
-0.701276
-0.700562
-0.699848
-0.699134
-0.698418
-0.697702
-0.696986
-0.696268
-0.695550
-0.694831
-0.694112
-0.693392
-0.692671
-0.691949
-0.691227
-0.690504
-0.689780
-0.689056
-0.688331
-0.687605
-0.686879
-0.686151
-0.685424
-0.684695
-0.683966
-0.683236
-0.682506
-0.681774
-0.681042
-0.680310
-0.679577
-0.678843
-0.678108
-0.677373
-0.676637
-0.675900
-0.675163
-0.674425
-0.673686
-0.672947
-0.672207
-0.671466
-0.670725
-0.669983
-0.669240
-0.668496
-0.667752
-0.667008
-0.666262
-0.665516
-0.664770
-0.664022
-0.663274
-0.662525
-0.661776
-0.661026
-0.660275
-0.659524
-0.658772
-0.658019
-0.657266
-0.656512
-0.655757
-0.655002
-0.654246
-0.653489
-0.652732
-0.651974
-0.651216
-0.650457
-0.649697
-0.648936
-0.648175
-0.647413
-0.646651
-0.645888
-0.645124
-0.644359
-0.643594
-0.642829
-0.642062
-0.641295
-0.640528
-0.639759
-0.638991
-0.638221
-0.637451
-0.636680
-0.635909
-0.635137
-0.634364
-0.633590
-0.632817
-0.632042
-0.631267
-0.630491
-0.629714
-0.628937
-0.628159
-0.627381
-0.626602
-0.625822
-0.625042
-0.624261
-0.623480
-0.622697
-0.621915
-0.621131
-0.620347
-0.619563
-0.618777
-0.617991
-0.617205
-0.616418
-0.615630
-0.614842
-0.614053
-0.613263
-0.612473
-0.611682
-0.610891
-0.610099
-0.609306
-0.608513
-0.607719
-0.606925
-0.606130
-0.605334
-0.604538
-0.603741
-0.602943
-0.602145
-0.601347
-0.600547
-0.599747
-0.598947
-0.598146
-0.597344
-0.596542
-0.595739
-0.594935
-0.594131
-0.593327
-0.592521
-0.591716
-0.590909
-0.590102
-0.589294
-0.588486
-0.587677
-0.586868
-0.586058
-0.585248
-0.584436
-0.583625
-0.582812
-0.581999
-0.581186
-0.580372
-0.579557
-0.578742
-0.577926
-0.577110
-0.576293
-0.575475
-0.574657
-0.573839
-0.573019
-0.572200
-0.571379
-0.570558
-0.569737
-0.568914
-0.568092
-0.567269
-0.566445
-0.565620
-0.564795
-0.563970
-0.563144
-0.562317
-0.561490
-0.560662
-0.559834
-0.559005
-0.558176
-0.557346
-0.556515
-0.555684
-0.554852
-0.554020
-0.553187
-0.552354
-0.551520
-0.550686
-0.549851
-0.549015
-0.548179
-0.547342
-0.546505
-0.545667
-0.544829
-0.543990
-0.543151
-0.542311
-0.541471
-0.540630
-0.539788
-0.538946
-0.538103
-0.537260
-0.536417
-0.535572
-0.534728
-0.533882
-0.533036
-0.532190
-0.531343
-0.530496
-0.529648
-0.528799
-0.527950
-0.527101
-0.526251
-0.525400
-0.524549
-0.523697
-0.522845
-0.521993
-0.521139
-0.520286
-0.519431
-0.518577
-0.517721
-0.516865
-0.516009
-0.515152
-0.514295
-0.513437
-0.512579
-0.511720
-0.510860
-0.510000
-0.509140
-0.508279
-0.507418
-0.506556
-0.505693
-0.504830
-0.503967
-0.503103
-0.502238
-0.501373
-0.500508
-0.499642
-0.498775
-0.497908
-0.497041
-0.496173
-0.495304
-0.494436
-0.493566
-0.492696
-0.491826
-0.490955
-0.490083
-0.489211
-0.488339
-0.487466
-0.486593
-0.485719
-0.484844
-0.483970
-0.483094
-0.482218
-0.481342
-0.480465
-0.479588
-0.478710
-0.477832
-0.476954
-0.476074
-0.475195
-0.474315
-0.473434
-0.472553
-0.471671
-0.470789
-0.469907
-0.469024
-0.468141
-0.467257
-0.466372
-0.465487
-0.464602
-0.463716
-0.462830
-0.461944
-0.461056
-0.460169
-0.459281
-0.458392
-0.457503
-0.456614
-0.455724
-0.454834
-0.453943
-0.453051
-0.452160
-0.451268
-0.450375
-0.449482
-0.448588
-0.447694
-0.446800
-0.445905
-0.445010
-0.444114
-0.443218
-0.442321
-0.441424
-0.440527
-0.439629
-0.438730
-0.437832
-0.436932
-0.436033
-0.435132
-0.434232
-0.433331
-0.432429
-0.431527
-0.430625
-0.429722
-0.428819
-0.427916
-0.427012
-0.426107
-0.425202
-0.424297
-0.423391
-0.422485
-0.421578
-0.420671
-0.419764
-0.418856
-0.417948
-0.417039
-0.416130
-0.415221
-0.414311
-0.413400
-0.412490
-0.411578
-0.410667
-0.409755
-0.408842
-0.407930
-0.407016
-0.406103
-0.405189
-0.404274
-0.403360
-0.402444
-0.401529
-0.400613
-0.399696
-0.398779
-0.397862
-0.396944
-0.396026
-0.395108
-0.394189
-0.393270
-0.392350
-0.391430
-0.390510
-0.389589
-0.388668
-0.387746
-0.386824
-0.385902
-0.384979
-0.384056
-0.383133
-0.382209
-0.381284
-0.380360
-0.379435
-0.378509
-0.377584
-0.376657
-0.375731
-0.374804
-0.373877
-0.372949
-0.372021
-0.371093
-0.370164
-0.369235
-0.368305
-0.367375
-0.366445
-0.365514
-0.364583
-0.363652
-0.362720
-0.361788
-0.360856
-0.359923
-0.358990
-0.358056
-0.357122
-0.356188
-0.355254
-0.354319
-0.353383
-0.352448
-0.351512
-0.350575
-0.349639
-0.348702
-0.347764
-0.346826
-0.345888
-0.344950
-0.344011
-0.343072
-0.342132
-0.341193
-0.340252
-0.339312
-0.338371
-0.337430
-0.336488
-0.335547
-0.334604
-0.333662
-0.332719
-0.331776
-0.330832
-0.329888
-0.328944
-0.328000
-0.327055
-0.326110
-0.325164
-0.324218
-0.323272
-0.322326
-0.321379
-0.320432
-0.319484
-0.318537
-0.317589
-0.316640
-0.315691
-0.314742
-0.313793
-0.312843
-0.311894
-0.310943
-0.309993
-0.309042
-0.308091
-0.307139
-0.306187
-0.305235
-0.304283
-0.303330
-0.302377
-0.301424
-0.300470
-0.299516
-0.298562
-0.297607
-0.296652
-0.295697
-0.294742
-0.293786
-0.292830
-0.291874
-0.290917
-0.289960
-0.289003
-0.288046
-0.287088
-0.286130
-0.285171
-0.284213
-0.283254
-0.282295
-0.281335
-0.280376
-0.279415
-0.278455
-0.277495
-0.276534
-0.275573
-0.274611
-0.273649
-0.272688
-0.271725
-0.270763
-0.269800
-0.268837
-0.267874
-0.266910
-0.265946
-0.264982
-0.264018
-0.263053
-0.262088
-0.261123
-0.260157
-0.259192
-0.258226
-0.257260
-0.256293
-0.255326
-0.254359
-0.253392
-0.252425
-0.251457
-0.250489
-0.249521
-0.248552
-0.247584
-0.246615
-0.245645
-0.244676
-0.243706
-0.242736
-0.241766
-0.240795
-0.239825
-0.238854
-0.237883
-0.236911
-0.235940
-0.234968
-0.233996
-0.233023
-0.232051
-0.231078
-0.230105
-0.229131
-0.228158
-0.227184
-0.226210
-0.225236
-0.224262
-0.223287
-0.222312
-0.221337
-0.220362
-0.219386
-0.218410
-0.217434
-0.216458
-0.215482
-0.214505
-0.213528
-0.212551
-0.211574
-0.210597
-0.209619
-0.208641
-0.207663
-0.206685
-0.205706
-0.204728
-0.203749
-0.202769
-0.201790
-0.200811
-0.199831
-0.198851
-0.197871
-0.196890
-0.195910
-0.194929
-0.193948
-0.192967
-0.191986
-0.191004
-0.190023
-0.189041
-0.188059
-0.187077
-0.186094
-0.185111
-0.184129
-0.183146
-0.182163
-0.181179
-0.180196
-0.179212
-0.178228
-0.177244
-0.176260
-0.175275
-0.174291
-0.173306
-0.172321
-0.171336
-0.170350
-0.169365
-0.168379
-0.167394
-0.166408
-0.165421
-0.164435
-0.163449
-0.162462
-0.161475
-0.160488
-0.159501
-0.158514
-0.157526
-0.156539
-0.155551
-0.154563
-0.153575
-0.152587
-0.151599
-0.150610
-0.149621
-0.148633
-0.147644
-0.146654
-0.145665
-0.144676
-0.143686
-0.142697
-0.141707
-0.140717
-0.139727
-0.138736
-0.137746
-0.136755
-0.135765
-0.134774
-0.133783
-0.132792
-0.131801
-0.130809
-0.129818
-0.128826
-0.127835
-0.126843
-0.125851
-0.124859
-0.123866
-0.122874
-0.121882
-0.120889
-0.119896
-0.118903
-0.117910
-0.116917
-0.115924
-0.114931
-0.113937
-0.112944
-0.111950
-0.110956
-0.109962
-0.108968
-0.107974
-0.106980
-0.105986
-0.104991
-0.103997
-0.103002
-0.102008
-0.101013
-0.100018
-0.099023
-0.098028
-0.097032
-0.096037
-0.095042
-0.094046
-0.093051
-0.092055
-0.091059
-0.090063
-0.089067
-0.088071
-0.087075
-0.086079
-0.085082
-0.084086
-0.083089
-0.082093
-0.081096
-0.080099
-0.079103
-0.078106
-0.077109
-0.076112
-0.075114
-0.074117
-0.073120
-0.072123
-0.071125
-0.070128
-0.069130
-0.068132
-0.067135
-0.066137
-0.065139
-0.064141
-0.063143
-0.062145
-0.061147
-0.060149
-0.059151
-0.058152
-0.057154
-0.056156
-0.055157
-0.054159
-0.053160
-0.052162
-0.051163
-0.050164
-0.049165
-0.048167
-0.047168
-0.046169
-0.045170
-0.044171
-0.043172
-0.042173
-0.041174
-0.040174
-0.039175
-0.038176
-0.037177
-0.036177
-0.035178
-0.034179
-0.033179
-0.032180
-0.031180
-0.030181
-0.029181
-0.028182
-0.027182
-0.026182
-0.025183
-0.024183
-0.023183
-0.022183
-0.021184
-0.020184
-0.019184
-0.018184
-0.017184
-0.016185
-0.015185
-0.014185
-0.013185
-0.012185
-0.011185
-0.010185
-0.009185
-0.008185
-0.007185
-0.006185
-0.005185
-0.004185
-0.003185
-0.002185
-0.001185
-0.000185
