1.000000
1.000000
0.999998
0.999996
0.999992
0.999988
0.999982
0.999976
0.999968
0.999960
0.999950
0.999940
0.999928
0.999916
0.999902
0.999888
0.999872
0.999856
0.999838
0.999820
0.999800
0.999780
0.999758
0.999736
0.999712
0.999688
0.999662
0.999636
0.999608
0.999580
0.999550
0.999520
0.999488
0.999456
0.999422
0.999388
0.999352
0.999316
0.999278
0.999240
0.999200
0.999160
0.999118
0.999076
0.999032
0.998988
0.998942
0.998896
0.998848
0.998800
0.998750
0.998700
0.998648
0.998596
0.998542
0.998488
0.998432
0.998376
0.998318
0.998260
0.998201
0.998140
0.998079
0.998016
0.997953
0.997888
0.997823
0.997756
0.997689
0.997620
0.997551
0.997481
0.997409
0.997337
0.997263
0.997189
0.997113
0.997037
0.996960
0.996881
0.996802
0.996721
0.996640
0.996557
0.996474
0.996390
0.996304
0.996218
0.996130
0.996042
0.995953
0.995862
0.995771
0.995679
0.995585
0.995491
0.995396
0.995299
0.995202
0.995104
0.995004
0.994904
0.994803
0.994700
0.994597
0.994493
0.994387
0.994281
0.994174
0.994065
0.993956
0.993846
0.993735
0.993622
0.993509
0.993395
0.993280
0.993163
0.993046
0.992928
0.992809
0.992688
0.992567
0.992445
0.992322
0.992198
0.992072
0.991946
0.991819
0.991691
0.991562
0.991432
0.991301
0.991169
0.991035
0.990901
0.990766
0.990630
0.990493
0.990355
0.990216
0.990076
0.989935
0.989793
0.989650
0.989506
0.989361
0.989215
0.989068
0.988920
0.988771
0.988621
0.988470
0.988318
0.988165
0.988012
0.987857
0.987701
0.987544
0.987386
0.987227
0.987067
0.986907
0.986745
0.986582
0.986418
0.986254
0.986088
0.985921
0.985753
0.985585
0.985415
0.985244
0.985073
0.984900
0.984727
0.984552
0.984376
0.984200
0.984022
0.983844
0.983664
0.983484
0.983302
0.983120
0.982936
0.982752
0.982566
0.982380
0.982193
0.982004
0.981815
0.981625
0.981433
0.981241
0.981048
0.980853
0.980658
0.980462
0.980265
0.980067
0.979867
0.979667
0.979466
0.979264
0.979061
0.978857
0.978652
0.978446
0.978239
0.978031
0.977822
0.977612
0.977401
0.977189
0.976976
0.976763
0.976548
0.976332
0.976115
0.975897
0.975679
0.975459
0.975238
0.975017
0.974794
0.974571
0.974346
0.974120
0.973894
0.973666
0.973438
0.973208
0.972978
0.972747
0.972514
0.972281
0.972047
0.971811
0.971575
0.971338
0.971100
0.970861
0.970620
0.970379
0.970137
0.969894
0.969650
0.969405
0.969159
0.968912
0.968665
0.968416
0.968166
0.967915
0.967663
0.967411
0.967157
0.966902
0.966647
0.966390
0.966132
0.965874
0.965614
0.965354
0.965093
0.964830
0.964567
0.964302
0.964037
0.963771
0.963504
0.963236
0.962966
0.962696
0.962425
0.962153
0.961880
0.961606
0.961331
0.961055
0.960779
0.960501
0.960222
0.959942
0.959662
0.959380
0.959097
0.958814
0.958529
0.958244
0.957957
0.957670
0.957382
0.957092
0.956802
0.956511
0.956219
0.955926
0.955632
0.955336
0.955040
0.954744
0.954446
0.954147
0.953847
0.953546
0.953244
0.952942
0.952638
0.952334
0.952028
0.951722
0.951414
0.951106
0.950796
0.950486
0.950175
0.949863
0.949550
0.949235
0.948920
0.948604
0.948287
0.947970
0.947651
0.947331
0.947010
0.946689
0.946366
0.946042
0.945718
0.945392
0.945066
0.944739
0.944410
0.944081
0.943751
0.943420
0.943088
0.942755
0.942421
0.942086
0.941750
0.941413
0.941075
0.940737
0.940397
0.940057
0.939715
0.939373
0.939029
0.938685
0.938340
0.937994
0.937646
0.937298
0.936949
0.936599
0.936249
0.935897
0.935544
0.935190
0.934836
0.934480
0.934124
0.933766
0.933408
0.933049
0.932688
0.932327
0.931965
0.931602
0.931238
0.930873
0.930508
0.930141
0.929773
0.929405
0.929035
0.928665
0.928293
0.927921
0.927548
0.927174
0.926798
0.926422
0.926045
0.925668
0.925289
0.924909
0.924528
0.924147
0.923764
0.923381
0.922997
0.922611
0.922225
0.921838
0.921450
0.921061
0.920671
0.920280
0.919889
0.919496
0.919102
0.918708
0.918313
0.917916
0.917519
0.917121
0.916722
0.916322
0.915921
0.915519
0.915116
0.914713
0.914308
0.913903
0.913496
0.913089
0.912681
0.912272
0.911862
0.911451
0.911039
0.910626
0.910212
0.909798
0.909382
0.908966
0.908548
0.908130
0.907711
0.907291
0.906870
0.906448
0.906025
0.905602
0.905177
0.904752
0.904325
0.903898
0.903470
0.903041
0.902611
0.902180
0.901748
0.901315
0.900882
0.900447
0.900012
0.899575
0.899138
0.898700
0.898261
0.897821
0.897380
0.896939
0.896496
0.896052
0.895608
0.895163
0.894717
0.894270
0.893822
0.893373
0.892923
0.892472
0.892021
0.891568
0.891115
0.890661
0.890206
0.889750
0.889293
0.888835
0.888376
0.887917
0.887456
0.886995
0.886533
0.886070
0.885606
0.885141
0.884675
0.884208
0.883741
0.883272
0.882803
0.882333
0.881862
0.881390
0.880917
0.880443
0.879969
0.879493
0.879017
0.878540
0.878062
0.877583
0.877103
0.876622
0.876140
0.875658
0.875174
0.874690
0.874205
0.873719
0.873232
0.872745
0.872256
0.871766
0.871276
0.870785
0.870293
0.869800
0.869306
0.868811
0.868316
0.867819
0.867322
0.866824
0.866325
0.865825
0.865324
0.864822
0.864320
0.863816
0.863312
0.862807
0.862301
0.861794
0.861287
0.860778
0.860269
0.859758
0.859247
0.858735
0.858222
0.857709
0.857194
0.856679
0.856162
0.855645
0.855127
0.854608
0.854089
0.853568
0.853047
0.852525
0.852001
0.851477
0.850953
0.850427
0.849900
0.849373
0.848845
0.848316
0.847786
0.847255
0.846724
0.846191
0.845658
0.845124
0.844589
0.844053
0.843516
0.842979
0.842440
0.841901
0.841361
0.840820
0.840278
0.839736
0.839192
0.838648
0.838103
0.837557
0.837010
0.836463
0.835914
0.835365
0.834815
0.834264
0.833712
0.833159
0.832606
0.832052
0.831497
0.830941
0.830384
0.829826
0.829268
0.828709
0.828148
0.827588
0.827026
0.826463
0.825900
0.825336
0.824771
0.824205
0.823638
0.823070
0.822502
0.821933
0.821363
0.820792
0.820220
0.819648
0.819075
0.818501
0.817926
0.817350
0.816773
0.816196
0.815618
0.815039
0.814459
0.813878
0.813297
0.812715
0.812132
0.811548
0.810963
0.810378
0.809791
0.809204
0.808616
0.808028
0.807438
0.806848
0.806256
0.805664
0.805072
0.804478
0.803884
0.803289
0.802693
0.802096
0.801498
0.800900
0.800301
0.799701
0.799100
0.798498
0.797896
0.797293
0.796689
0.796084
0.795478
0.794872
0.794265
0.793657
0.793048
0.792438
0.791828
0.791217
0.790605
0.789992
0.789379
0.788764
0.788149
0.787533
0.786917
0.786299
0.785681
0.785062
0.784442
0.783822
0.783200
0.782578
0.781955
0.781331
0.780707
0.780082
0.779456
0.778829
0.778201
0.777573
0.776944
0.776314
0.775683
0.775051
0.774419
0.773786
0.773152
0.772518
0.771882
0.771246
0.770609
0.769971
0.769333
0.768694
0.768054
0.767413
0.766771
0.766129
0.765486
0.764842
0.764198
0.763552
0.762906
0.762259
0.761612
0.760963
0.760314
0.759664
0.759013
0.758362
0.757710
0.757057
0.756403
0.755748
0.755093
0.754437
0.753780
0.753123
0.752465
0.751806
0.751146
0.750485
0.749824
0.749162
0.748499
0.747836
0.747172
0.746507
0.745841
0.745174
0.744507
0.743839
0.743170
0.742501
0.741831
0.741160
0.740488
0.739816
0.739142
0.738469
0.737794
0.737119
0.736442
0.735766
0.735088
0.734410
0.733730
0.733051
0.732370
0.731689
0.731007
0.730324
0.729641
0.728956
0.728272
0.727586
0.726900
0.726212
0.725525
0.724836
0.724147
0.723457
0.722766
0.722075
0.721382
0.720689
0.719996
0.719302
0.718606
0.717911
0.717214
0.716517
0.715819
0.715120
0.714421
0.713721
0.713020
0.712319
0.711616
0.710914
0.710210
0.709506
0.708801
0.708095
0.707388
0.706681
0.705973
0.705265
0.704555
0.703845
0.703135
0.702423
0.701711
0.700998
0.700285
0.699571
0.698856
0.698140
0.697424
0.696707
0.695989
0.695271
0.694552
0.693832
0.693111
0.692390
0.691668
0.690946
0.690222
0.689498
0.688774
0.688048
0.687322
0.686596
0.685868
0.685140
0.684412
0.683682
0.682952
0.682221
0.681490
0.680758
0.680025
0.679291
0.678557
0.677822
0.677087
0.676350
0.675613
0.674876
0.674137
0.673399
0.672659
0.671919
0.671178
0.670436
0.669694
0.668951
0.668207
0.667463
0.666718
0.665972
0.665226
0.664479
0.663731
0.662983
0.662234
0.661484
0.660734
0.659983
0.659232
0.658479
0.657726
0.656973
0.656219
0.655464
0.654708
0.653952
0.653195
0.652437
0.651679
0.650920
0.650161
0.649401
0.648640
0.647879
0.647117
0.646354
0.645591
0.644827
0.644062
0.643297
0.642531
0.641764
0.640997
0.640229
0.639460
0.638691
0.637922
0.637151
0.636380
0.635608
0.634836
0.634063
0.633290
0.632515
0.631740
0.630965
0.630189
0.629412
0.628635
0.627857
0.627078
0.626299
0.625519
0.624738
0.623957
0.623175
0.622393
0.621610
0.620826
0.620042
0.619257
0.618472
0.617686
0.616899
0.616111
0.615324
0.614535
0.613746
0.612956
0.612166
0.611374
0.610583
0.609791
0.608998
0.608204
0.607410
0.606615
0.605820
0.605024
0.604228
0.603431
0.602633
0.601835
0.601036
0.600236
0.599436
0.598635
0.597834
0.597032
0.596230
0.595426
0.594623
0.593818
0.593014
0.592208
0.591402
0.590595
0.589788
0.588980
0.588172
0.587363
0.586553
0.585743
0.584932
0.584121
0.583309
0.582496
0.581683
0.580869
0.580055
0.579240
0.578425
0.577609
0.576792
0.575975
0.575157
0.574339
0.573520
0.572701
0.571880
0.571060
0.570239
0.569417
0.568595
0.567772
0.566948
0.566124
0.565300
0.564474
0.563649
0.562822
0.561995
0.561168
0.560340
0.559512
0.558682
0.557853
0.557023
0.556192
0.555360
0.554529
0.553696
0.552863
0.552030
0.551195
0.550361
0.549526
0.548690
0.547854
0.547017
0.546179
0.545341
0.544503
0.543664
0.542824
0.541984
0.541144
0.540302
0.539461
0.538618
0.537775
0.536932
0.536088
0.535244
0.534399
0.533553
0.532707
0.531861
0.531014
0.530166
0.529318
0.528469
0.527620
0.526770
0.525920
0.525069
0.524218
0.523366
0.522514
0.521661
0.520807
0.519953
0.519099
0.518244
0.517388
0.516532
0.515676
0.514819
0.513961
0.513103
0.512245
0.511386
0.510526
0.509666
0.508805
0.507944
0.507082
0.506220
0.505358
0.504494
0.503631
0.502767
0.501902
0.501037
0.500171
0.499305
0.498438
0.497571
0.496703
0.495835
0.494967
0.494097
0.493228
0.492358
0.491487
0.490616
0.489744
0.488872
0.487999
0.487126
0.486253
0.485379
0.484504
0.483629
0.482754
0.481878
0.481001
0.480124
0.479247
0.478369
0.477490
0.476612
0.475732
0.474852
0.473972
0.473091
0.472210
0.471328
0.470446
0.469564
0.468680
0.467797
0.466913
0.466028
0.465143
0.464258
0.463372
0.462485
0.461599
0.460711
0.459823
0.458935
0.458046
0.457157
0.456268
0.455378
0.454487
0.453596
0.452705
0.451813
0.450920
0.450028
0.449134
0.448241
0.447347
0.446452
0.445557
0.444662
0.443766
0.442869
0.441972
0.441075
0.440177
0.439279
0.438381
0.437482
0.436582
0.435682
0.434782
0.433881
0.432980
0.432079
0.431177
0.430274
0.429371
0.428468
0.427564
0.426660
0.425755
0.424850
0.423945
0.423039
0.422132
0.421226
0.420319
0.419411
0.418503
0.417595
0.416686
0.415776
0.414867
0.413957
0.413046
0.412135
0.411224
0.410312
0.409400
0.408487
0.407574
0.406661
0.405747
0.404833
0.403919
0.403004
0.402088
0.401172
0.400256
0.399340
0.398423
0.397505
0.396587
0.395669
0.394751
0.393832
0.392912
0.391992
0.391072
0.390152
0.389231
0.388309
0.387388
0.386466
0.385543
0.384620
0.383697
0.382773
0.381849
0.380925
0.380000
0.379075
0.378149
0.377223
0.376297
0.375370
0.374443
0.373516
0.372588
0.371660
0.370731
0.369802
0.368873
0.367943
0.367013
0.366083
0.365152
0.364221
0.363290
0.362358
0.361426
0.360493
0.359560
0.358627
0.357693
0.356759
0.355825
0.354890
0.353955
0.353019
0.352084
0.351147
0.350211
0.349274
0.348337
0.347399
0.346461
0.345523
0.344585
0.343646
0.342706
0.341767
0.340827
0.339887
0.338946
0.338005
0.337064
0.336122
0.335180
0.334238
0.333295
0.332352
0.331409
0.330465
0.329521
0.328577
0.327632
0.326687
0.325742
0.324796
0.323850
0.322904
0.321957
0.321011
0.320063
0.319116
0.318168
0.317220
0.316271
0.315322
0.314373
0.313424
0.312474
0.311524
0.310574
0.309623
0.308672
0.307720
0.306769
0.305817
0.304865
0.303912
0.302959
0.302006
0.301053
0.300099
0.299145
0.298190
0.297236
0.296281
0.295326
0.294370
0.293414
0.292458
0.291502
0.290545
0.289588
0.288631
0.287673
0.286715
0.285757
0.284799
0.283840
0.282881
0.281922
0.280962
0.280002
0.279042
0.278082
0.277121
0.276160
0.275199
0.274237
0.273275
0.272313
0.271351
0.270388
0.269425
0.268462
0.267499
0.266535
0.265571
0.264607
0.263642
0.262678
0.261713
0.260747
0.259782
0.258816
0.257850
0.256884
0.255917
0.254950
0.253983
0.253016
0.252048
0.251080
0.250112
0.249144
0.248175
0.247207
0.246238
0.245268
0.244299
0.243329
0.242359
0.241388
0.240418
0.239447
0.238476
0.237505
0.236533
0.235562
0.234590
0.233617
0.232645
0.231672
0.230699
0.229726
0.228753
0.227779
0.226805
0.225831
0.224857
0.223883
0.222908
0.221933
0.220958
0.219982
0.219007
0.218031
0.217055
0.216079
0.215102
0.214125
0.213148
0.212171
0.211194
0.210216
0.209239
0.208261
0.207283
0.206304
0.205326
0.204347
0.203368
0.202389
0.201409
0.200430
0.199450
0.198470
0.197490
0.196509
0.195529
0.194548
0.193567
0.192586
0.191604
0.190623
0.189641
0.188659
0.187677
0.186694
0.185712
0.184729
0.183746
0.182763
0.181780
0.180797
0.179813
0.178829
0.177845
0.176861
0.175877
0.174892
0.173908
0.172923
0.171938
0.170953
0.169967
0.168982
0.167996
0.167010
0.166024
0.165038
0.164051
0.163065
0.162078
0.161091
0.160104
0.159117
0.158130
0.157142
0.156155
0.155167
0.154179
0.153191
0.152202
0.151214
0.150225
0.149237
0.148248
0.147259
0.146270
0.145280
0.144291
0.143301
0.142312
0.141322
0.140332
0.139341
0.138351
0.137361
0.136370
0.135379
0.134388
0.133397
0.132406
0.131415
0.130424
0.129432
0.128441
0.127449
0.126457
0.125465
0.124473
0.123480
0.122488
0.121495
0.120503
0.119510
0.118517
0.117524
0.116531
0.115538
0.114544
0.113551
0.112557
0.111564
0.110570
0.109576
0.108582
0.107588
0.106593
0.105599
0.104605
0.103610
0.102615
0.101621
0.100626
0.099631
0.098636
0.097641
0.096645
0.095650
0.094654
0.093659
0.092663
0.091667
0.090672
0.089676
0.088680
0.087684
0.086687
0.085691
0.084695
0.083698
0.082702
0.081705
0.080708
0.079712
0.078715
0.077718
0.076721
0.075724
0.074727
0.073729
0.072732
0.071735
0.070737
0.069740
0.068742
0.067744
0.066747
0.065749
0.064751
0.063753
0.062755
0.061757
0.060759
0.059761
0.058762
0.057764
0.056766
0.055767
0.054769
0.053770
0.052772
0.051773
0.050774
0.049776
0.048777
0.047778
0.046779
0.045780
0.044781
0.043782
0.042783
0.041784
0.040785
0.039786
0.038787
0.037787
0.036788
0.035789
0.034789
0.033790
0.032790
0.031791
0.030791
0.029792
0.028792
0.027793
0.026793
0.025793
0.024794
0.023794
0.022794
0.021795
0.020795
0.019795
0.018795
0.017795
0.016796
0.015796
0.014796
0.013796
0.012796
0.011796
0.010796
0.009796
0.008796
0.007796
0.006796
0.005796
0.004796
0.003796
0.002796
0.001796
0.000796
-0.000204
-0.001204
-0.002204
-0.003204
-0.004204
-0.005204
-0.006204
-0.007204
-0.008204
-0.009204
-0.010203
-0.011203
-0.012203
-0.013203
-0.014203
-0.015203
-0.016203
-0.017203
-0.018203
-0.019202
-0.020202
-0.021202
-0.022202
-0.023202
-0.024201
-0.025201
-0.026201
-0.027200
-0.028200
-0.029200
-0.030199
-0.031199
-0.032198
-0.033198
-0.034197
-0.035196
-0.036196
-0.037195
-0.038194
-0.039194
-0.040193
-0.041192
-0.042191
-0.043190
-0.044189
-0.045188
-0.046187
-0.047186
-0.048185
-0.049184
-0.050183
-0.051181
-0.052180
-0.053179
-0.054177
-0.055176
-0.056174
-0.057172
-0.058171
-0.059169
-0.060167
-0.061165
-0.062164
-0.063162
-0.064160
-0.065157
-0.066155
-0.067153
-0.068151
-0.069148
-0.070146
-0.071144
-0.072141
-0.073138
-0.074136
-0.075133
-0.076130
-0.077127
-0.078124
-0.079121
-0.080118
-0.081114
-0.082111
-0.083108
-0.084104
-0.085101
-0.086097
-0.087093
-0.088089
-0.089085
-0.090081
-0.091077
-0.092073
-0.093069
-0.094064
-0.095060
-0.096055
-0.097051
-0.098046
-0.099041
-0.100036
-0.101031
-0.102026
-0.103021
-0.104015
-0.105010
-0.106004
-0.106998
-0.107993
-0.108987
-0.109981
-0.110975
-0.111968
-0.112962
-0.113956
-0.114949
-0.115942
-0.116936
-0.117929
-0.118922
-0.119914
-0.120907
-0.121900
-0.122892
-0.123885
-0.124877
-0.125869
-0.126861
-0.127853
-0.128844
-0.129836
-0.130828
-0.131819
-0.132810
-0.133801
-0.134792
-0.135783
-0.136774
-0.137764
-0.138755
-0.139745
-0.140735
-0.141725
-0.142715
-0.143704
-0.144694
-0.145683
-0.146673
-0.147662
-0.148651
-0.149640
-0.150628
-0.151617
-0.152605
-0.153593
-0.154581
-0.155569
-0.156557
-0.157545
-0.158532
-0.159519
-0.160506
-0.161493
-0.162480
-0.163467
-0.164453
-0.165440
-0.166426
-0.167412
-0.168397
-0.169383
-0.170369
-0.171354
-0.172339
-0.173324
-0.174309
-0.175293
-0.176278
-0.177262
-0.178246
-0.179230
-0.180214
-0.181197
-0.182181
-0.183164
-0.184147
-0.185130
-0.186112
-0.187095
-0.188077
-0.189059
-0.190041
-0.191022
-0.192004
-0.192985
-0.193966
-0.194947
-0.195928
-0.196908
-0.197889
-0.198869
-0.199849
-0.200829
-0.201808
-0.202787
-0.203767
-0.204745
-0.205724
-0.206703
-0.207681
-0.208659
-0.209637
-0.210615
-0.211592
-0.212569
-0.213546
-0.214523
-0.215500
-0.216476
-0.217452
-0.218428
-0.219404
-0.220380
-0.221355
-0.222330
-0.223305
-0.224280
-0.225254
-0.226228
-0.227202
-0.228176
-0.229149
-0.230123
-0.231096
-0.232068
-0.233041
-0.234013
-0.234986
-0.235957
-0.236929
-0.237900
-0.238872
-0.239843
-0.240813
-0.241784
-0.242754
-0.243724
-0.244694
-0.245663
-0.246632
-0.247601
-0.248570
-0.249539
-0.250507
-0.251475
-0.252442
-0.253410
-0.254377
-0.255344
-0.256311
-0.257277
-0.258244
-0.259210
-0.260175
-0.261141
-0.262106
-0.263071
-0.264035
-0.265000
-0.265964
-0.266928
-0.267891
-0.268855
-0.269818
-0.270780
-0.271743
-0.272705
-0.273667
-0.274629
-0.275590
-0.276551
-0.277512
-0.278473
-0.279433
-0.280393
-0.281353
-0.282312
-0.283272
-0.284230
-0.285189
-0.286147
-0.287105
-0.288063
-0.289021
-0.289978
-0.290935
-0.291891
-0.292848
-0.293804
-0.294759
-0.295715
-0.296670
-0.297625
-0.298579
-0.299534
-0.300487
-0.301441
-0.302394
-0.303347
-0.304300
-0.305253
-0.306205
-0.307157
-0.308108
-0.309059
-0.310010
-0.310961
-0.311911
-0.312861
-0.313811
-0.314760
-0.315709
-0.316658
-0.317606
-0.318554
-0.319502
-0.320449
-0.321396
-0.322343
-0.323290
-0.324236
-0.325182
-0.326127
-0.327072
-0.328017
-0.328962
-0.329906
-0.330850
-0.331793
-0.332736
-0.333679
-0.334622
-0.335564
-0.336506
-0.337447
-0.338388
-0.339329
-0.340270
-0.341210
-0.342150
-0.343089
-0.344028
-0.344967
-0.345905
-0.346844
-0.347781
-0.348719
-0.349656
-0.350592
-0.351529
-0.352465
-0.353400
-0.354336
-0.355271
-0.356205
-0.357140
-0.358073
-0.359007
-0.359940
-0.360873
-0.361805
-0.362737
-0.363669
-0.364600
-0.365531
-0.366462
-0.367392
-0.368322
-0.369252
-0.370181
-0.371110
-0.372038
-0.372966
-0.373894
-0.374821
-0.375748
-0.376674
-0.377601
-0.378526
-0.379452
-0.380377
-0.381301
-0.382226
-0.383150
-0.384073
-0.384996
-0.385919
-0.386841
-0.387763
-0.388685
-0.389606
-0.390527
-0.391447
-0.392367
-0.393287
-0.394206
-0.395125
-0.396043
-0.396961
-0.397879
-0.398796
-0.399713
-0.400629
-0.401545
-0.402461
-0.403376
-0.404291
-0.405206
-0.406120
-0.407033
-0.407946
-0.408859
-0.409772
-0.410684
-0.411595
-0.412506
-0.413417
-0.414327
-0.415237
-0.416147
-0.417056
-0.417965
-0.418873
-0.419781
-0.420688
-0.421595
-0.422502
-0.423408
-0.424314
-0.425219
-0.426124
-0.427028
-0.427932
-0.428836
-0.429739
-0.430642
-0.431544
-0.432446
-0.433347
-0.434248
-0.435149
-0.436049
-0.436949
-0.437848
-0.438747
-0.439645
-0.440543
-0.441441
-0.442338
-0.443234
-0.444131
-0.445026
-0.445922
-0.446816
-0.447711
-0.448605
-0.449498
-0.450391
-0.451284
-0.452176
-0.453068
-0.453959
-0.454850
-0.455740
-0.456630
-0.457520
-0.458409
-0.459297
-0.460185
-0.461073
-0.461960
-0.462846
-0.463733
-0.464618
-0.465504
-0.466389
-0.467273
-0.468157
-0.469040
-0.469923
-0.470806
-0.471688
-0.472569
-0.473450
-0.474331
-0.475211
-0.476091
-0.476970
-0.477848
-0.478727
-0.479604
-0.480482
-0.481358
-0.482235
-0.483110
-0.483986
-0.484861
-0.485735
-0.486609
-0.487482
-0.488355
-0.489227
-0.490099
-0.490971
-0.491842
-0.492712
-0.493582
-0.494451
-0.495320
-0.496189
-0.497057
-0.497924
-0.498791
-0.499658
-0.500524
-0.501389
-0.502254
-0.503119
-0.503983
-0.504846
-0.505709
-0.506572
-0.507433
-0.508295
-0.509156
-0.510016
-0.510876
-0.511736
-0.512594
-0.513453
-0.514311
-0.515168
-0.516025
-0.516881
-0.517737
-0.518592
-0.519447
-0.520301
-0.521155
-0.522008
-0.522861
-0.523713
-0.524565
-0.525416
-0.526266
-0.527116
-0.527966
-0.528815
-0.529663
-0.530511
-0.531359
-0.532206
-0.533052
-0.533898
-0.534743
-0.535588
-0.536432
-0.537276
-0.538119
-0.538961
-0.539804
-0.540645
-0.541486
-0.542326
-0.543166
-0.544006
-0.544845
-0.545683
-0.546520
-0.547358
-0.548194
-0.549030
-0.549866
-0.550701
-0.551535
-0.552369
-0.553202
-0.554035
-0.554867
-0.555699
-0.556530
-0.557361
-0.558191
-0.559020
-0.559849
-0.560677
-0.561505
-0.562332
-0.563159
-0.563985
-0.564811
-0.565635
-0.566460
-0.567284
-0.568107
-0.568930
-0.569752
-0.570573
-0.571394
-0.572215
-0.573034
-0.573854
-0.574672
-0.575490
-0.576308
-0.577125
-0.577941
-0.578757
-0.579572
-0.580387
-0.581201
-0.582014
-0.582827
-0.583640
-0.584451
-0.585262
-0.586073
-0.586883
-0.587692
-0.588501
-0.589309
-0.590117
-0.590924
-0.591730
-0.592536
-0.593341
-0.594146
-0.594950
-0.595754
-0.596557
-0.597359
-0.598160
-0.598962
-0.599762
-0.600562
-0.601361
-0.602160
-0.602958
-0.603755
-0.604552
-0.605349
-0.606144
-0.606939
-0.607734
-0.608528
-0.609321
-0.610113
-0.610905
-0.611697
-0.612488
-0.613278
-0.614067
-0.614856
-0.615645
-0.616432
-0.617219
-0.618006
-0.618792
-0.619577
-0.620362
-0.621146
-0.621929
-0.622712
-0.623494
-0.624275
-0.625056
-0.625837
-0.626616
-0.627395
-0.628174
-0.628951
-0.629729
-0.630505
-0.631281
-0.632056
-0.632831
-0.633605
-0.634378
-0.635151
-0.635923
-0.636694
-0.637465
-0.638235
-0.639005
-0.639774
-0.640542
-0.641309
-0.642076
-0.642843
-0.643608
-0.644373
-0.645138
-0.645902
-0.646665
-0.647427
-0.648189
-0.648950
-0.649711
-0.650470
-0.651230
-0.651988
-0.652746
-0.653503
-0.654260
-0.655016
-0.655771
-0.656526
-0.657280
-0.658033
-0.658786
-0.659538
-0.660289
-0.661040
-0.661790
-0.662539
-0.663288
-0.664036
-0.664783
-0.665530
-0.666276
-0.667021
-0.667766
-0.668510
-0.669254
-0.669996
-0.670738
-0.671480
-0.672220
-0.672960
-0.673700
-0.674438
-0.675176
-0.675914
-0.676650
-0.677386
-0.678122
-0.678856
-0.679590
-0.680323
-0.681056
-0.681788
-0.682519
-0.683250
-0.683979
-0.684709
-0.685437
-0.686165
-0.686892
-0.687618
-0.688344
-0.689069
-0.689793
-0.690517
-0.691240
-0.691962
-0.692684
-0.693405
-0.694125
-0.694845
-0.695563
-0.696281
-0.696999
-0.697716
-0.698432
-0.699147
-0.699862
-0.700575
-0.701289
-0.702001
-0.702713
-0.703424
-0.704135
-0.704844
-0.705553
-0.706262
-0.706969
-0.707676
-0.708382
-0.709088
-0.709793
-0.710497
-0.711200
-0.711903
-0.712605
-0.713306
-0.714006
-0.714706
-0.715405
-0.716103
-0.716801
-0.717498
-0.718194
-0.718890
-0.719584
-0.720278
-0.720972
-0.721664
-0.722356
-0.723047
-0.723738
-0.724428
-0.725117
-0.725805
-0.726492
-0.727179
-0.727865
-0.728551
-0.729235
-0.729919
-0.730602
-0.731285
-0.731966
-0.732647
-0.733328
-0.734007
-0.734686
-0.735364
-0.736041
-0.736718
-0.737394
-0.738069
-0.738743
-0.739417
-0.740090
-0.740762
-0.741433
-0.742104
-0.742774
-0.743443
-0.744111
-0.744779
-0.745446
-0.746112
-0.746778
-0.747442
-0.748106
-0.748769
-0.749432
-0.750094
-0.750755
-0.751415
-0.752074
-0.752733
-0.753391
-0.754048
-0.754705
-0.755360
-0.756015
-0.756669
-0.757323
-0.757975
-0.758627
-0.759278
-0.759929
-0.760578
-0.761227
-0.761875
-0.762523
-0.763169
-0.763815
-0.764460
-0.765105
-0.765748
-0.766391
-0.767033
-0.767674
-0.768314
-0.768954
-0.769593
-0.770231
-0.770869
-0.771505
-0.772141
-0.772776
-0.773410
-0.774044
-0.774677
-0.775309
-0.775940
-0.776570
-0.777200
-0.777829
-0.778457
-0.779084
-0.779711
-0.780336
-0.780961
-0.781586
-0.782209
-0.782832
-0.783453
-0.784075
-0.784695
-0.785314
-0.785933
-0.786551
-0.787168
-0.787784
-0.788400
-0.789015
-0.789629
-0.790242
-0.790854
-0.791466
-0.792077
-0.792687
-0.793296
-0.793904
-0.794512
-0.795119
-0.795725
-0.796330
-0.796935
-0.797538
-0.798141
-0.798743
-0.799345
-0.799945
-0.800545
-0.801144
-0.801742
-0.802339
-0.802935
-0.803531
-0.804126
-0.804720
-0.805313
-0.805906
-0.806497
-0.807088
-0.807678
-0.808267
-0.808856
-0.809443
-0.810030
-0.810616
-0.811201
-0.811786
-0.812369
-0.812952
-0.813534
-0.814115
-0.814695
-0.815275
-0.815854
-0.816431
-0.817008
-0.817585
-0.818160
-0.818735
-0.819308
-0.819881
-0.820453
-0.821025
-0.821595
-0.822165
-0.822734
-0.823302
-0.823869
-0.824435
-0.825001
-0.825566
-0.826129
-0.826693
-0.827255
-0.827816
-0.828377
-0.828937
-0.829495
-0.830054
-0.830611
-0.831167
-0.831723
-0.832278
-0.832832
-0.833385
-0.833937
-0.834488
-0.835039
-0.835589
-0.836138
-0.836686
-0.837233
-0.837780
-0.838325
-0.838870
-0.839414
-0.839957
-0.840499
-0.841040
-0.841581
-0.842121
-0.842660
-0.843198
-0.843735
-0.844271
-0.844807
-0.845341
-0.845875
-0.846408
-0.846940
-0.847471
-0.848002
-0.848531
-0.849060
-0.849588
-0.850115
-0.850641
-0.851167
-0.851691
-0.852215
-0.852737
-0.853259
-0.853780
-0.854301
-0.854820
-0.855338
-0.855856
-0.856373
-0.856889
-0.857404
-0.857918
-0.858431
-0.858944
-0.859456
-0.859966
-0.860476
-0.860985
-0.861493
-0.862001
-0.862507
-0.863013
-0.863518
-0.864022
-0.864525
-0.865027
-0.865528
-0.866028
-0.866528
-0.867027
-0.867525
-0.868022
-0.868518
-0.869013
-0.869507
-0.870001
-0.870493
-0.870985
-0.871476
-0.871966
-0.872455
-0.872943
-0.873431
-0.873917
-0.874403
-0.874888
-0.875371
-0.875854
-0.876337
-0.876818
-0.877298
-0.877778
-0.878256
-0.878734
-0.879211
-0.879687
-0.880162
-0.880636
-0.881110
-0.881582
-0.882054
-0.882524
-0.882994
-0.883463
-0.883931
-0.884398
-0.884865
-0.885330
-0.885795
-0.886258
-0.886721
-0.887183
-0.887644
-0.888104
-0.888563
-0.889022
-0.889479
-0.889935
-0.890391
-0.890846
-0.891300
-0.891753
-0.892205
-0.892656
-0.893106
-0.893556
-0.894004
-0.894452
-0.894898
-0.895344
-0.895789
-0.896233
-0.896676
-0.897119
-0.897560
-0.898000
-0.898440
-0.898879
-0.899316
-0.899753
-0.900189
-0.900624
-0.901058
-0.901492
-0.901924
-0.902355
-0.902786
-0.903216
-0.903644
-0.904072
-0.904499
-0.904925
-0.905350
-0.905774
-0.906198
-0.906620
-0.907042
-0.907462
-0.907882
-0.908301
-0.908719
-0.909135
-0.909552
-0.909967
-0.910381
-0.910794
-0.911207
-0.911618
-0.912029
-0.912438
-0.912847
-0.913255
-0.913662
-0.914068
-0.914473
-0.914877
-0.915280
-0.915683
-0.916084
-0.916485
-0.916884
-0.917283
-0.917681
-0.918078
-0.918474
-0.918869
-0.919263
-0.919656
-0.920048
-0.920440
-0.920830
-0.921220
-0.921608
-0.921996
-0.922383
-0.922768
-0.923153
-0.923537
-0.923920
-0.924302
-0.924684
-0.925064
-0.925443
-0.925822
-0.926199
-0.926576
-0.926951
-0.927326
-0.927700
-0.928073
-0.928445
-0.928816
-0.929186
-0.929555
-0.929923
-0.930290
-0.930657
-0.931022
-0.931387
-0.931750
-0.932113
-0.932475
-0.932835
-0.933195
-0.933554
-0.933912
-0.934269
-0.934625
-0.934980
-0.935335
-0.935688
-0.936040
-0.936392
-0.936742
-0.937092
-0.937440
-0.937788
-0.938135
-0.938481
-0.938825
-0.939169
-0.939512
-0.939854
-0.940195
-0.940536
-0.940875
-0.941213
-0.941550
-0.941887
-0.942222
-0.942557
-0.942890
-0.943223
-0.943555
-0.943885
-0.944215
-0.944544
-0.944872
-0.945199
-0.945525
-0.945850
-0.946174
-0.946497
-0.946820
-0.947141
-0.947461
-0.947781
-0.948099
-0.948417
-0.948733
-0.949049
-0.949363
-0.949677
-0.949990
-0.950302
-0.950613
-0.950923
-0.951231
-0.951539
-0.951847
-0.952153
-0.952458
-0.952762
-0.953065
-0.953367
-0.953669
-0.953969
-0.954269
-0.954567
-0.954865
-0.955161
-0.955457
-0.955751
-0.956045
-0.956338
-0.956630
-0.956920
-0.957210
-0.957499
-0.957787
-0.958074
-0.958360
-0.958645
-0.958929
-0.959213
-0.959495
-0.959776
-0.960056
-0.960336
-0.960614
-0.960891
-0.961168
-0.961443
-0.961718
-0.961991
-0.962264
-0.962536
-0.962806
-0.963076
-0.963345
-0.963613
-0.963879
-0.964145
-0.964410
-0.964674
-0.964937
-0.965199
-0.965460
-0.965720
-0.965979
-0.966237
-0.966495
-0.966751
-0.967006
-0.967260
-0.967514
-0.967766
-0.968017
-0.968268
-0.968517
-0.968766
-0.969013
-0.969260
-0.969505
-0.969750
-0.969993
-0.970236
-0.970478
-0.970718
-0.970958
-0.971197
-0.971435
-0.971672
-0.971907
-0.972142
-0.972376
-0.972609
-0.972841
-0.973072
-0.973302
-0.973531
-0.973759
-0.973986
-0.974212
-0.974438
-0.974662
-0.974885
-0.975107
-0.975328
-0.975549
-0.975768
-0.975986
-0.976204
-0.976420
-0.976635
-0.976850
-0.977063
-0.977276
-0.977487
-0.977698
-0.977907
-0.978116
-0.978323
-0.978530
-0.978736
-0.978940
-0.979144
-0.979347
-0.979548
-0.979749
-0.979949
-0.980147
-0.980345
-0.980542
-0.980738
-0.980933
-0.981127
-0.981319
-0.981511
-0.981702
-0.981892
-0.982081
-0.982269
-0.982456
-0.982642
-0.982827
-0.983011
-0.983194
-0.983376
-0.983557
-0.983737
-0.983917
-0.984095
-0.984272
-0.984448
-0.984623
-0.984797
-0.984971
-0.985143
-0.985314
-0.985484
-0.985654
-0.985822
-0.985989
-0.986156
-0.986321
-0.986485
-0.986649
-0.986811
-0.986972
-0.987133
-0.987292
-0.987451
-0.987608
-0.987764
-0.987920
-0.988074
-0.988228
-0.988380
-0.988532
-0.988682
-0.988832
-0.988980
-0.989128
-0.989275
-0.989420
-0.989565
-0.989708
-0.989851
-0.989992
-0.990133
-0.990273
-0.990411
-0.990549
-0.990686
-0.990821
-0.990956
-0.991090
-0.991222
-0.991354
-0.991485
-0.991615
-0.991743
-0.991871
-0.991998
-0.992124
-0.992248
-0.992372
-0.992495
-0.992617
-0.992738
-0.992857
-0.992976
-0.993094
-0.993211
-0.993327
-0.993441
-0.993555
-0.993668
-0.993780
-0.993891
-0.994001
-0.994110
-0.994217
-0.994324
-0.994430
-0.994535
-0.994639
-0.994742
-0.994844
-0.994945
-0.995045
-0.995144
-0.995242
-0.995339
-0.995435
-0.995529
-0.995623
-0.995716
-0.995808
-0.995899
-0.995989
-0.996078
-0.996166
-0.996253
-0.996339
-0.996424
-0.996508
-0.996591
-0.996673
-0.996754
-0.996834
-0.996913
-0.996991
-0.997068
-0.997144
-0.997219
-0.997293
-0.997366
-0.997438
-0.997509
-0.997579
-0.997648
-0.997716
-0.997784
-0.997850
-0.997915
-0.997979
-0.998042
-0.998104
-0.998165
-0.998225
-0.998284
-0.998342
-0.998399
-0.998455
-0.998510
-0.998564
-0.998617
-0.998669
-0.998720
-0.998771
-0.998820
-0.998868
-0.998915
-0.998961
-0.999006
-0.999050
-0.999093
-0.999135
-0.999176
-0.999216
-0.999255
-0.999293
-0.999331
-0.999367
-0.999402
-0.999436
-0.999469
-0.999501
-0.999532
-0.999562
-0.999591
-0.999619
-0.999646
-0.999673
-0.999698
-0.999722
-0.999745
-0.999767
-0.999788
-0.999808
-0.999827
-0.999845
-0.999862
-0.999878
-0.999894
-0.999908
-0.999921
-0.999933
-0.999944
-0.999954
-0.999963
-0.999971
-0.999978
-0.999984
-0.999989
-0.999994
-0.999997
-0.999999
-1.000000
-1.000000
-0.999999
-0.999997
-0.999994
-0.999990
-0.999985
-0.999979
-0.999973
-0.999965
-0.999956
-0.999946
-0.999935
-0.999923
-0.999910
-0.999896
-0.999881
-0.999865
-0.999848
-0.999831
-0.999812
-0.999792
-0.999771
-0.999749
-0.999726
-0.999702
-0.999677
-0.999651
-0.999624
-0.999597
-0.999568
-0.999538
-0.999507
-0.999475
-0.999442
-0.999408
-0.999373
-0.999337
-0.999300
-0.999263
-0.999224
-0.999184
-0.999143
-0.999101
-0.999058
-0.999014
-0.998969
-0.998923
-0.998876
-0.998829
-0.998780
-0.998730
-0.998679
-0.998627
-0.998574
-0.998520
-0.998465
-0.998410
-0.998353
-0.998295
-0.998236
-0.998176
-0.998115
-0.998053
-0.997990
-0.997927
-0.997862
-0.997796
-0.997729
-0.997661
-0.997592
-0.997522
-0.997452
-0.997380
-0.997307
-0.997233
-0.997158
-0.997082
-0.997006
-0.996928
-0.996849
-0.996769
-0.996688
-0.996606
-0.996524
-0.996440
-0.996355
-0.996269
-0.996182
-0.996095
-0.996006
-0.995916
-0.995825
-0.995733
-0.995641
-0.995547
-0.995452
-0.995356
-0.995260
-0.995162
-0.995063
-0.994963
-0.994863
-0.994761
-0.994658
-0.994555
-0.994450
-0.994344
-0.994237
-0.994130
-0.994021
-0.993911
-0.993801
-0.993689
-0.993576
-0.993463
-0.993348
-0.993232
-0.993116
-0.992998
-0.992879
-0.992760
-0.992639
-0.992518
-0.992395
-0.992271
-0.992147
-0.992021
-0.991895
-0.991767
-0.991639
-0.991509
-0.991378
-0.991247
-0.991114
-0.990981
-0.990846
-0.990711
-0.990574
-0.990437
-0.990299
-0.990159
-0.990019
-0.989877
-0.989735
-0.989591
-0.989447
-0.989302
-0.989155
-0.989008
-0.988859
-0.988710
-0.988560
-0.988408
-0.988256
-0.988103
-0.987949
-0.987793
-0.987637
-0.987480
-0.987322
-0.987162
-0.987002
-0.986841
-0.986679
-0.986516
-0.986351
-0.986186
-0.986020
-0.985853
-0.985685
-0.985516
-0.985346
-0.985175
-0.985003
-0.984830
-0.984656
-0.984481
-0.984305
-0.984128
-0.983950
-0.983771
-0.983591
-0.983410
-0.983228
-0.983045
-0.982861
-0.982676
-0.982491
-0.982304
-0.982116
-0.981927
-0.981737
-0.981547
-0.981355
-0.981162
-0.980969
-0.980774
-0.980578
-0.980382
-0.980184
-0.979986
-0.979786
-0.979585
-0.979384
-0.979181
-0.978978
-0.978774
-0.978568
-0.978362
-0.978154
-0.977946
-0.977737
-0.977526
-0.977315
-0.977103
-0.976889
-0.976675
-0.976460
-0.976244
-0.976027
-0.975808
-0.975589
-0.975369
-0.975148
-0.974926
-0.974703
-0.974479
-0.974254
-0.974028
-0.973801
-0.973573
-0.973345
-0.973115
-0.972884
-0.972652
-0.972419
-0.972186
-0.971951
-0.971715
-0.971479
-0.971241
-0.971002
-0.970763
-0.970522
-0.970281
-0.970038
-0.969795
-0.969551
-0.969305
-0.969059
-0.968812
-0.968563
-0.968314
-0.968064
-0.967813
-0.967560
-0.967307
-0.967053
-0.966798
-0.966542
-0.966285
-0.966027
-0.965768
-0.965508
-0.965248
-0.964986
-0.964723
-0.964459
-0.964194
-0.963929
-0.963662
-0.963395
-0.963126
-0.962856
-0.962586
-0.962315
-0.962042
-0.961769
-0.961494
-0.961219
-0.960943
-0.960666
-0.960387
-0.960108
-0.959828
-0.959547
-0.959265
-0.958982
-0.958698
-0.958413
-0.958127
-0.957840
-0.957553
-0.957264
-0.956974
-0.956684
-0.956392
-0.956099
-0.955806
-0.955511
-0.955216
-0.954920
-0.954622
-0.954324
-0.954025
-0.953725
-0.953423
-0.953121
-0.952818
-0.952514
-0.952209
-0.951903
-0.951596
-0.951289
-0.950980
-0.950670
-0.950359
-0.950048
-0.949735
-0.949422
-0.949107
-0.948792
-0.948475
-0.948158
-0.947840
-0.947521
-0.947200
-0.946879
-0.946557
-0.946234
-0.945910
-0.945585
-0.945260
-0.944933
-0.944605
-0.944276
-0.943947
-0.943616
-0.943285
-0.942952
-0.942619
-0.942284
-0.941949
-0.941613
-0.941276
-0.940938
-0.940599
-0.940259
-0.939918
-0.939576
-0.939233
-0.938889
-0.938545
-0.938199
-0.937852
-0.937505
-0.937156
-0.936807
-0.936457
-0.936105
-0.935753
-0.935400
-0.935046
-0.934691
-0.934335
-0.933978
-0.933620
-0.933262
-0.932902
-0.932541
-0.932180
-0.931818
-0.931454
-0.931090
-0.930725
-0.930358
-0.929991
-0.929623
-0.929254
-0.928884
-0.928513
-0.928142
-0.927769
-0.927395
-0.927021
-0.926645
-0.926269
-0.925892
-0.925513
-0.925134
-0.924754
-0.924373
-0.923991
-0.923608
-0.923224
-0.922840
-0.922454
-0.922068
-0.921680
-0.921292
-0.920902
-0.920512
-0.920121
-0.919729
-0.919336
-0.918942
-0.918547
-0.918151
-0.917755
-0.917357
-0.916958
-0.916559
-0.916159
-0.915757
-0.915355
-0.914952
-0.914548
-0.914143
-0.913737
-0.913330
-0.912923
-0.912514
-0.912105
-0.911694
-0.911283
-0.910871
-0.910458
-0.910043
-0.909629
-0.909213
-0.908796
-0.908378
-0.907960
-0.907540
-0.907120
-0.906698
-0.906276
-0.905853
-0.905429
-0.905004
-0.904578
-0.904151
-0.903724
-0.903295
-0.902866
-0.902435
-0.902004
-0.901572
-0.901139
-0.900705
-0.900270
-0.899834
-0.899397
-0.898960
-0.898521
-0.898082
-0.897642
-0.897200
-0.896758
-0.896315
-0.895872
-0.895427
-0.894981
-0.894535
-0.894087
-0.893639
-0.893190
-0.892739
-0.892288
-0.891837
-0.891384
-0.890930
-0.890475
-0.890020
-0.889564
-0.889106
-0.888648
-0.888189
-0.887729
-0.887268
-0.886807
-0.886344
-0.885881
-0.885416
-0.884951
-0.884485
-0.884018
-0.883550
-0.883081
-0.882612
-0.882141
-0.881670
-0.881197
-0.880724
-0.880250
-0.879775
-0.879299
-0.878823
-0.878345
-0.877867
-0.877387
-0.876907
-0.876426
-0.875944
-0.875461
-0.874977
-0.874493
-0.874007
-0.873521
-0.873034
-0.872546
-0.872057
-0.871567
-0.871076
-0.870584
-0.870092
-0.869599
-0.869104
-0.868609
-0.868114
-0.867617
-0.867119
-0.866621
-0.866121
-0.865621
-0.865120
-0.864618
-0.864115
-0.863611
-0.863107
-0.862601
-0.862095
-0.861588
-0.861080
-0.860571
-0.860061
-0.859550
-0.859039
-0.858526
-0.858013
-0.857499
-0.856984
-0.856468
-0.855952
-0.855434
-0.854916
-0.854397
-0.853877
-0.853356
-0.852834
-0.852312
-0.851788
-0.851264
-0.850739
-0.850213
-0.849686
-0.849158
-0.848629
-0.848100
-0.847570
-0.847039
-0.846507
-0.845974
-0.845440
-0.844906
-0.844370
-0.843834
-0.843297
-0.842759
-0.842221
-0.841681
-0.841141
-0.840599
-0.840057
-0.839514
-0.838971
-0.838426
-0.837881
-0.837334
-0.836787
-0.836239
-0.835691
-0.835141
-0.834590
-0.834039
-0.833487
-0.832934
-0.832380
-0.831826
-0.831270
-0.830714
-0.830157
-0.829599
-0.829040
-0.828481
-0.827920
-0.827359
-0.826797
-0.826234
-0.825670
-0.825106
-0.824540
-0.823974
-0.823407
-0.822839
-0.822270
-0.821701
-0.821131
-0.820559
-0.819987
-0.819415
-0.818841
-0.818267
-0.817691
-0.817115
-0.816538
-0.815961
-0.815382
-0.814803
-0.814223
-0.813642
-0.813060
-0.812477
-0.811894
-0.811310
-0.810725
-0.810139
-0.809552
-0.808965
-0.808377
-0.807787
-0.807198
-0.806607
-0.806015
-0.805423
-0.804830
-0.804236
-0.803641
-0.803046
-0.802450
-0.801852
-0.801255
-0.800656
-0.800056
-0.799456
-0.798855
-0.798253
-0.797650
-0.797047
-0.796442
-0.795837
-0.795231
-0.794625
-0.794017
-0.793409
-0.792800
-0.792190
-0.791579
-0.790968
-0.790355
-0.789742
-0.789129
-0.788514
-0.787899
-0.787282
-0.786665
-0.786048
-0.785429
-0.784810
-0.784190
-0.783569
-0.782947
-0.782324
-0.781701
-0.781077
-0.780452
-0.779827
-0.779200
-0.778573
-0.777945
-0.777317
-0.776687
-0.776057
-0.775426
-0.774794
-0.774161
-0.773528
-0.772894
-0.772259
-0.771623
-0.770987
-0.770349
-0.769711
-0.769073
-0.768433
-0.767793
-0.767152
-0.766510
-0.765867
-0.765224
-0.764580
-0.763935
-0.763289
-0.762643
-0.761995
-0.761348
-0.760699
-0.760049
-0.759399
-0.758748
-0.758096
-0.757444
-0.756790
-0.756136
-0.755482
-0.754826
-0.754170
-0.753513
-0.752855
-0.752196
-0.751537
-0.750877
-0.750216
-0.749555
-0.748892
-0.748229
-0.747565
-0.746901
-0.746236
-0.745569
-0.744903
-0.744235
-0.743567
-0.742898
-0.742228
-0.741558
-0.740886
-0.740214
-0.739542
-0.738868
-0.738194
-0.737519
-0.736843
-0.736167
-0.735490
-0.734812
-0.734133
-0.733454
-0.732774
-0.732093
-0.731411
-0.730729
-0.730046
-0.729362
-0.728678
-0.727992
-0.727306
-0.726620
-0.725932
-0.725244
-0.724555
-0.723866
-0.723175
-0.722484
-0.721793
-0.721100
-0.720407
-0.719713
-0.719018
-0.718323
-0.717627
-0.716930
-0.716233
-0.715535
-0.714836
-0.714136
-0.713436
-0.712735
-0.712033
-0.711330
-0.710627
-0.709923
-0.709218
-0.708513
-0.707807
-0.707100
-0.706393
-0.705685
-0.704976
-0.704266
-0.703556
-0.702845
-0.702133
-0.701421
-0.700708
-0.699994
-0.699279
-0.698564
-0.697848
-0.697132
-0.696414
-0.695696
-0.694978
-0.694258
-0.693538
-0.692818
-0.692096
-0.691374
-0.690651
-0.689928
-0.689203
-0.688478
-0.687753
-0.687027
-0.686300
-0.685572
-0.684844
-0.684115
-0.683385
-0.682654
-0.681923
-0.681192
-0.680459
-0.679726
-0.678992
-0.678258
-0.677523
-0.676787
-0.676050
-0.675313
-0.674575
-0.673837
-0.673097
-0.672357
-0.671617
-0.670876
-0.670134
-0.669391
-0.668648
-0.667904
-0.667159
-0.666414
-0.665668
-0.664922
-0.664174
-0.663427
-0.662678
-0.661929
-0.661179
-0.660428
-0.659677
-0.658925
-0.658173
-0.657419
-0.656666
-0.655911
-0.655156
-0.654400
-0.653644
-0.652886
-0.652129
-0.651370
-0.650611
-0.649851
-0.649091
-0.648330
-0.647568
-0.646806
-0.646043
-0.645279
-0.644515
-0.643750
-0.642985
-0.642218
-0.641452
-0.640684
-0.639916
-0.639147
-0.638378
-0.637608
-0.636837
-0.636066
-0.635294
-0.634521
-0.633748
-0.632974
-0.632200
-0.631425
-0.630649
-0.629872
-0.629095
-0.628318
-0.627540
-0.626761
-0.625981
-0.625201
-0.624420
-0.623639
-0.622857
-0.622074
-0.621291
-0.620507
-0.619722
-0.618937
-0.618152
-0.617365
-0.616578
-0.615791
-0.615002
-0.614214
-0.613424
-0.612634
-0.611843
-0.611052
-0.610260
-0.609468
-0.608675
-0.607881
-0.607087
-0.606292
-0.605496
-0.604700
-0.603903
-0.603106
-0.602308
-0.601509
-0.600710
-0.599910
-0.599110
-0.598309
-0.597507
-0.596705
-0.595902
-0.595099
-0.594295
-0.593491
-0.592685
-0.591880
-0.591073
-0.590267
-0.589459
-0.588651
-0.587842
-0.587033
-0.586223
-0.585413
-0.584602
-0.583790
-0.582978
-0.582165
-0.581352
-0.580538
-0.579723
-0.578908
-0.578092
-0.577276
-0.576459
-0.575642
-0.574824
-0.574005
-0.573186
-0.572367
-0.571546
-0.570725
-0.569904
-0.569082
-0.568259
-0.567436
-0.566613
-0.565788
-0.564963
-0.564138
-0.563312
-0.562486
-0.561658
-0.560831
-0.560003
-0.559174
-0.558345
-0.557515
-0.556684
-0.555853
-0.555022
-0.554190
-0.553357
-0.552524
-0.551690
-0.550856
-0.550021
-0.549185
-0.548349
-0.547513
-0.546676
-0.545838
-0.545000
-0.544161
-0.543322
-0.542482
-0.541642
-0.540801
-0.539959
-0.539118
-0.538275
-0.537432
-0.536588
-0.535744
-0.534900
-0.534054
-0.533209
-0.532363
-0.531516
-0.530668
-0.529821
-0.528972
-0.528123
-0.527274
-0.526424
-0.525573
-0.524722
-0.523871
-0.523019
-0.522166
-0.521313
-0.520459
-0.519605
-0.518751
-0.517895
-0.517040
-0.516184
-0.515327
-0.514470
-0.513612
-0.512754
-0.511895
-0.511035
-0.510176
-0.509315
-0.508454
-0.507593
-0.506731
-0.505869
-0.505006
-0.504143
-0.503279
-0.502414
-0.501550
-0.500684
-0.499818
-0.498952
-0.498085
-0.497218
-0.496350
-0.495481
-0.494613
-0.493743
-0.492873
-0.492003
-0.491132
-0.490261
-0.489389
-0.488517
-0.487644
-0.486771
-0.485897
-0.485023
-0.484148
-0.483273
-0.482397
-0.481521
-0.480644
-0.479767
-0.478889
-0.478011
-0.477133
-0.476253
-0.475374
-0.474494
-0.473613
-0.472732
-0.471851
-0.470969
-0.470087
-0.469204
-0.468320
-0.467437
-0.466552
-0.465668
-0.464783
-0.463897
-0.463011
-0.462124
-0.461237
-0.460350
-0.459462
-0.458573
-0.457684
-0.456795
-0.455905
-0.455015
-0.454124
-0.453233
-0.452341
-0.451449
-0.450557
-0.449664
-0.448770
-0.447877
-0.446982
-0.446087
-0.445192
-0.444297
-0.443401
-0.442504
-0.441607
-0.440710
-0.439812
-0.438913
-0.438015
-0.437115
-0.436216
-0.435316
-0.434415
-0.433514
-0.432613
-0.431711
-0.430809
-0.429906
-0.429003
-0.428100
-0.427196
-0.426291
-0.425387
-0.424481
-0.423576
-0.422670
-0.421763
-0.420856
-0.419949
-0.419041
-0.418133
-0.417224
-0.416315
-0.415406
-0.414496
-0.413586
-0.412675
-0.411764
-0.410853
-0.409941
-0.409028
-0.408116
-0.407202
-0.406289
-0.405375
-0.404461
-0.403546
-0.402631
-0.401715
-0.400799
-0.399883
-0.398966
-0.398049
-0.397131
-0.396213
-0.395295
-0.394376
-0.393457
-0.392538
-0.391618
-0.390697
-0.389777
-0.388855
-0.387934
-0.387012
-0.386090
-0.385167
-0.384244
-0.383321
-0.382397
-0.381473
-0.380548
-0.379623
-0.378698
-0.377772
-0.376846
-0.375920
-0.374993
-0.374066
-0.373138
-0.372210
-0.371282
-0.370353
-0.369424
-0.368494
-0.367565
-0.366634
-0.365704
-0.364773
-0.363842
-0.362910
-0.361978
-0.361046
-0.360113
-0.359180
-0.358246
-0.357313
-0.356378
-0.355444
-0.354509
-0.353574
-0.352638
-0.351702
-0.350766
-0.349829
-0.348892
-0.347955
-0.347017
-0.346079
-0.345141
-0.344202
-0.343263
-0.342324
-0.341384
-0.340444
-0.339503
-0.338563
-0.337622
-0.336680
-0.335738
-0.334796
-0.333854
-0.332911
-0.331968
-0.331024
-0.330081
-0.329137
-0.328192
-0.327247
-0.326302
-0.325357
-0.324411
-0.323465
-0.322519
-0.321572
-0.320625
-0.319677
-0.318730
-0.317782
-0.316833
-0.315885
-0.314936
-0.313987
-0.313037
-0.312087
-0.311137
-0.310186
-0.309235
-0.308284
-0.307333
-0.306381
-0.305429
-0.304477
-0.303524
-0.302571
-0.301618
-0.300664
-0.299710
-0.298756
-0.297802
-0.296847
-0.295892
-0.294936
-0.293981
-0.293025
-0.292069
-0.291112
-0.290155
-0.289198
-0.288241
-0.287283
-0.286325
-0.285367
-0.284408
-0.283449
-0.282490
-0.281531
-0.280571
-0.279611
-0.278651
-0.277690
-0.276729
-0.275768
-0.274807
-0.273845
-0.272883
-0.271921
-0.270959
-0.269996
-0.269033
-0.268070
-0.267106
-0.266143
-0.265178
-0.264214
-0.263250
-0.262285
-0.261320
-0.260354
-0.259389
-0.258423
-0.257456
-0.256490
-0.255523
-0.254556
-0.253589
-0.252622
-0.251654
-0.250686
-0.249718
-0.248750
-0.247781
-0.246812
-0.245843
-0.244873
-0.243904
-0.242934
-0.241964
-0.240993
-0.240022
-0.239052
-0.238080
-0.237109
-0.236137
-0.235166
-0.234194
-0.233221
-0.232249
-0.231276
-0.230303
-0.229330
-0.228356
-0.227383
-0.226409
-0.225434
-0.224460
-0.223486
-0.222511
-0.221536
-0.220560
-0.219585
-0.218609
-0.217633
-0.216657
-0.215681
-0.214704
-0.213727
-0.212750
-0.211773
-0.210796
-0.209818
-0.208840
-0.207862
-0.206884
-0.205906
-0.204927
-0.203948
-0.202969
-0.201990
-0.201010
-0.200030
-0.199051
-0.198070
-0.197090
-0.196110
-0.195129
-0.194148
-0.193167
-0.192186
-0.191204
-0.190223
-0.189241
-0.188259
-0.187277
-0.186294
-0.185312
-0.184329
-0.183346
-0.182363
-0.181379
-0.180396
-0.179412
-0.178428
-0.177444
-0.176460
-0.175476
-0.174491
-0.173506
-0.172521
-0.171536
-0.170551
-0.169566
-0.168580
-0.167594
-0.166608
-0.165622
-0.164636
-0.163650
-0.162663
-0.161676
-0.160689
-0.159702
-0.158715
-0.157728
-0.156740
-0.155752
-0.154764
-0.153776
-0.152788
-0.151800
-0.150811
-0.149823
-0.148834
-0.147845
-0.146856
-0.145867
-0.144877
-0.143888
-0.142898
-0.141908
-0.140918
-0.139928
-0.138938
-0.137948
-0.136957
-0.135967
-0.134976
-0.133985
-0.132994
-0.132003
-0.131011
-0.130020
-0.129028
-0.128037
-0.127045
-0.126053
-0.125061
-0.124068
-0.123076
-0.122084
-0.121091
-0.120098
-0.119106
-0.118113
-0.117120
-0.116126
-0.115133
-0.114140
-0.113146
-0.112153
-0.111159
-0.110165
-0.109171
-0.108177
-0.107183
-0.106188
-0.105194
-0.104199
-0.103205
-0.102210
-0.101215
-0.100220
-0.099225
-0.098230
-0.097235
-0.096240
-0.095244
-0.094249
-0.093253
-0.092258
-0.091262
-0.090266
-0.089270
-0.088274
-0.087278
-0.086282
-0.085285
-0.084289
-0.083292
-0.082296
-0.081299
-0.080302
-0.079306
-0.078309
-0.077312
-0.076315
-0.075318
-0.074320
-0.073323
-0.072326
-0.071328
-0.070331
-0.069333
-0.068336
-0.067338
-0.066340
-0.065342
-0.064344
-0.063347
-0.062349
-0.061350
-0.060352
-0.059354
-0.058356
-0.057357
-0.056359
-0.055361
-0.054362
-0.053364
-0.052365
-0.051366
-0.050368
-0.049369
-0.048370
-0.047371
-0.046372
-0.045373
-0.044374
-0.043375
-0.042376
-0.041377
-0.040378
-0.039379
-0.038380
-0.037380
-0.036381
-0.035382
-0.034382
-0.033383
-0.032383
-0.031384
-0.030384
-0.029385
-0.028385
-0.027386
-0.026386
-0.025386
-0.024387
-0.023387
-0.022387
-0.021387
-0.020388
-0.019388
-0.018388
-0.017388
-0.016388
-0.015388
-0.014388
-0.013389
-0.012389
-0.011389
-0.010389
-0.009389
-0.008389
-0.007389
-0.006389
-0.005389
-0.004389
-0.003389
-0.002389
-0.001389
-0.000389
0.000611
0.001611
0.002611
0.003611
0.004611
0.005611
0.006611
0.007611
0.008611
0.009611
0.010611
0.011611
0.012611
0.013611
0.014610
0.015610
0.016610
0.017610
0.018610
0.019610
0.020610
0.021609
0.022609
0.023609
0.024609
0.025608
0.026608
0.027608
0.028607
0.029607
0.030606
0.031606
0.032605
0.033605
0.034604
0.035603
0.036603
0.037602
0.038601
0.039601
0.040600
0.041599
0.042598
0.043597
0.044596
0.045595
0.046594
0.047593
0.048592
0.049591
0.050589
0.051588
0.052587
0.053585
0.054584
0.055582
0.056581
0.057579
0.058577
0.059576
0.060574
0.061572
0.062570
0.063568
0.064566
0.065564
0.066562
0.067560
0.068557
0.069555
0.070552
0.071550
0.072547
0.073545
0.074542
0.075539
0.076536
0.077533
0.078530
0.079527
0.080524
0.081520
0.082517
0.083514
0.084510
0.085506
0.086503
0.087499
0.088495
0.089491
0.090487
0.091483
0.092479
0.093474
0.094470
0.095465
0.096461
0.097456
0.098451
0.099446
0.100441
0.101436
0.102431
0.103426
0.104420
0.105415
0.106409
0.107403
0.108398
0.109392
0.110386
0.111379
0.112373
0.113367
0.114360
0.115354
0.116347
0.117340
0.118333
0.119326
0.120319
0.121311
0.122304
0.123296
0.124289
0.125281
0.126273
0.127265
0.128257
0.129248
0.130240
0.131231
0.132223
0.133214
0.134205
0.135196
0.136186
0.137177
0.138168
0.139158
0.140148
0.141138
0.142128
0.143118
0.144108
0.145097
0.146086
0.147076
0.148065
0.149054
0.150042
0.151031
0.152019
0.153008
0.153996
0.154984
0.155972
0.156959
0.157947
0.158934
0.159921
0.160908
0.161895
0.162882
0.163869
0.164855
0.165841
0.166827
0.167813
0.168799
0.169785
0.170770
0.171755
0.172740
0.173725
0.174710
0.175694
0.176679
0.177663
0.178647
0.179631
0.180614
0.181598
0.182581
0.183564
0.184547
0.185530
0.186512
0.187495
0.188477
0.189459
0.190441
0.191422
0.192404
0.193385
0.194366
0.195347
0.196327
0.197308
0.198288
0.199268
0.200248
0.201228
0.202207
0.203186
0.204165
0.205144
0.206123
0.207101
0.208079
0.209057
0.210035
0.211013
0.211990
0.212967
0.213944
0.214921
0.215898
0.216874
0.217850
0.218826
0.219802
0.220777
0.221752
0.222727
0.223702
0.224676
0.225651
0.226625
0.227599
0.228572
0.229546
0.230519
0.231492
0.232465
0.233437
0.234409
0.235381
0.236353
0.237325
0.238296
0.239267
0.240238
0.241209
0.242179
0.243149
0.244119
0.245089
0.246058
0.247027
0.247996
0.248965
0.249933
0.250901
0.251869
0.252837
0.253804
0.254771
0.255738
0.256705
0.257671
0.258637
0.259603
0.260569
0.261534
0.262499
0.263464
0.264428
0.265393
0.266357
0.267320
0.268284
0.269247
0.270210
0.271173
0.272135
0.273097
0.274059
0.275020
0.275982
0.276943
0.277904
0.278864
0.279824
0.280784
0.281744
0.282703
0.283662
0.284621
0.285579
0.286538
0.287496
0.288453
0.289411
0.290368
0.291324
0.292281
0.293237
0.294193
0.295149
0.296104
0.297059
0.298014
0.298968
0.299922
0.300876
0.301829
0.302783
0.303736
0.304688
0.305640
0.306592
0.307544
0.308496
0.309447
0.310397
0.311348
0.312298
0.313248
0.314197
0.315147
0.316095
0.317044
0.317992
0.318940
0.319888
0.320835
0.321782
0.322729
0.323675
0.324621
0.325567
0.326512
0.327457
0.328402
0.329346
0.330290
0.331234
0.332177
0.333120
0.334063
0.335005
0.335948
0.336889
0.337831
0.338772
0.339712
0.340653
0.341593
0.342532
0.343472
0.344411
0.345349
0.346288
0.347226
0.348163
0.349100
0.350037
0.350974
0.351910
0.352846
0.353782
0.354717
0.355651
0.356586
0.357520
0.358454
0.359387
0.360320
0.361253
0.362185
0.363117
0.364049
0.364980
0.365911
0.366841
0.367771
0.368701
0.369630
0.370559
0.371488
0.372416
0.373344
0.374271
0.375199
0.376125
0.377052
0.377978
0.378903
0.379829
0.380753
0.381678
0.382602
0.383526
0.384449
0.385372
0.386295
0.387217
0.388139
0.389060
0.389981
0.390902
0.391822
0.392742
0.393661
0.394580
0.395499
0.396417
0.397335
0.398253
0.399170
0.400086
0.401003
0.401918
0.402834
0.403749
0.404664
0.405578
0.406492
0.407405
0.408318
0.409231
0.410143
0.411055
0.411966
0.412877
0.413788
0.414698
0.415608
0.416517
0.417426
0.418335
0.419243
0.420150
0.421058
0.421964
0.422871
0.423777
0.424682
0.425588
0.426492
0.427396
0.428300
0.429204
0.430107
0.431009
0.431911
0.432813
0.433714
0.434615
0.435516
0.436416
0.437315
0.438214
0.439113
0.440011
0.440909
0.441806
0.442703
0.443600
0.444496
0.445391
0.446286
0.447181
0.448075
0.448969
0.449862
0.450755
0.451647
0.452539
0.453431
0.454322
0.455213
0.456103
0.456992
0.457882
0.458771
0.459659
0.460547
0.461434
0.462321
0.463208
0.464094
0.464979
0.465864
0.466749
0.467633
0.468517
0.469400
0.470283
0.471165
0.472047
0.472928
0.473809
0.474689
0.475569
0.476449
0.477328
0.478206
0.479084
0.479962
0.480839
0.481715
0.482591
0.483467
0.484342
0.485217
0.486091
0.486965
0.487838
0.488710
0.489583
0.490454
0.491326
0.492196
0.493067
0.493936
0.494806
0.495674
0.496543
0.497410
0.498278
0.499144
0.500011
0.500876
0.501742
0.502606
0.503471
0.504334
0.505198
0.506060
0.506923
0.507784
0.508646
0.509506
0.510367
0.511226
0.512085
0.512944
0.513802
0.514660
0.515517
0.516374
0.517230
0.518085
0.518940
0.519795
0.520649
0.521503
0.522356
0.523208
0.524060
0.524911
0.525762
0.526613
0.527463
0.528312
0.529161
0.530009
0.530857
0.531704
0.532550
0.533397
0.534242
0.535087
0.535932
0.536776
0.537619
0.538462
0.539305
0.540146
0.540988
0.541828
0.542669
0.543508
0.544347
0.545186
0.546024
0.546862
0.547699
0.548535
0.549371
0.550206
0.551041
0.551875
0.552709
0.553542
0.554374
0.555206
0.556038
0.556869
0.557699
0.558529
0.559358
0.560187
0.561015
0.561842
0.562669
0.563496
0.564321
0.565147
0.565971
0.566796
0.567619
0.568442
0.569265
0.570086
0.570908
0.571728
0.572549
0.573368
0.574187
0.575006
0.575823
0.576641
0.577457
0.578274
0.579089
0.579904
0.580719
0.581532
0.582346
0.583158
0.583970
0.584782
0.585593
0.586403
0.587213
0.588022
0.588830
0.589638
0.590446
0.591253
0.592059
0.592864
0.593669
0.594474
0.595278
0.596081
0.596883
0.597685
0.598487
0.599288
0.600088
0.600888
0.601687
0.602485
0.603283
0.604080
0.604877
0.605673
0.606468
0.607263
0.608057
0.608851
0.609644
0.610436
0.611228
0.612019
0.612810
0.613599
0.614389
0.615177
0.615966
0.616753
0.617540
0.618326
0.619112
0.619897
0.620681
0.621465
0.622248
0.623030
0.623812
0.624594
0.625374
0.626154
0.626934
0.627712
0.628491
0.629268
0.630045
0.630821
0.631597
0.632372
0.633146
0.633920
0.634693
0.635465
0.636237
0.637008
0.637779
0.638549
0.639318
0.640087
0.640855
0.641622
0.642389
0.643155
0.643920
0.644685
0.645449
0.646213
0.646975
0.647738
0.648499
0.649260
0.650020
0.650780
0.651539
0.652297
0.653055
0.653812
0.654568
0.655324
0.656079
0.656833
0.657587
0.658340
0.659092
0.659844
0.660595
0.661345
0.662095
0.662844
0.663593
0.664340
0.665088
0.665834
0.666580
0.667325
0.668069
0.668813
0.669556
0.670299
0.671040
0.671781
0.672522
0.673262
0.674001
0.674739
0.675477
0.676214
0.676950
0.677686
0.678421
0.679155
0.679889
0.680622
0.681354
0.682086
0.682817
0.683547
0.684276
0.685005
0.685734
0.686461
0.687188
0.687914
0.688639
0.689364
0.690088
0.690812
0.691534
0.692256
0.692978
0.693698
0.694418
0.695137
0.695856
0.696574
0.697291
0.698007
0.698723
0.699438
0.700152
0.700866
0.701579
0.702291
0.703003
0.703714
0.704424
0.705133
0.705842
0.706550
0.707257
0.707964
0.708670
0.709375
0.710079
0.710783
0.711486
0.712189
0.712890
0.713591
0.714291
0.714991
0.715690
0.716388
0.717085
0.717782
0.718478
0.719173
0.719867
0.720561
0.721254
0.721946
0.722638
0.723329
0.724019
0.724708
0.725397
0.726085
0.726772
0.727459
0.728145
0.728830
0.729514
0.730198
0.730880
0.731563
0.732244
0.732925
0.733605
0.734284
0.734962
0.735640
0.736317
0.736993
0.737669
0.738344
0.739018
0.739691
0.740364
0.741035
0.741706
0.742377
0.743046
0.743715
0.744383
0.745051
0.745717
0.746383
0.747048
0.747713
0.748377
0.749039
0.749702
0.750363
0.751024
0.751684
0.752343
0.753001
0.753659
0.754316
0.754972
0.755627
0.756282
0.756936
0.757589
0.758241
0.758893
0.759544
0.760194
0.760843
0.761491
0.762139
0.762786
0.763433
0.764078
0.764723
0.765367
0.766010
0.766652
0.767294
0.767935
0.768575
0.769215
0.769853
0.770491
0.771128
0.771764
0.772400
0.773035
0.773669
0.774302
0.774934
0.775566
0.776197
0.776827
0.777456
0.778085
0.778713
0.779339
0.779966
0.780591
0.781216
0.781840
0.782463
0.783085
0.783707
0.784327
0.784947
0.785566
0.786185
0.786802
0.787419
0.788035
0.788650
0.789265
0.789879
0.790491
0.791104
0.791715
0.792325
0.792935
0.793544
0.794152
0.794759
0.795366
0.795972
0.796577
0.797181
0.797784
0.798387
0.798988
0.799589
0.800189
0.800789
0.801387
0.801985
0.802582
0.803178
0.803774
0.804368
0.804962
0.805555
0.806147
0.806738
0.807329
0.807918
0.808507
0.809095
0.809683
0.810269
0.810855
0.811440
0.812024
0.812607
0.813189
0.813771
0.814352
0.814932
0.815511
0.816089
0.816667
0.817243
0.817819
0.818394
0.818968
0.819542
0.820114
0.820686
0.821257
0.821827
0.822397
0.822965
0.823533
0.824100
0.824666
0.825231
0.825795
0.826359
0.826922
0.827484
0.828045
0.828605
0.829164
0.829723
0.830281
0.830838
0.831394
0.831949
0.832503
0.833057
0.833610
0.834162
0.834713
0.835263
0.835812
0.836361
0.836909
0.837456
0.838002
0.838547
0.839092
0.839635
0.840178
0.840720
0.841261
0.841801
0.842340
0.842879
0.843417
0.843953
0.844489
0.845025
0.845559
0.846092
0.846625
0.847157
0.847688
0.848218
0.848747
0.849275
0.849803
0.850329
0.850855
0.851380
0.851904
0.852428
0.852950
0.853472
0.853992
0.854512
0.855031
0.855549
0.856067
0.856583
0.857099
0.857613
0.858127
0.858640
0.859152
0.859664
0.860174
0.860684
0.861192
0.861700
0.862207
0.862713
0.863219
0.863723
0.864227
0.864729
0.865231
0.865732
0.866232
0.866731
0.867230
0.867727
0.868224
0.868719
0.869214
0.869708
0.870201
0.870694
0.871185
0.871676
0.872165
0.872654
0.873142
0.873629
0.874115
0.874600
0.875085
0.875568
0.876051
0.876533
0.877014
0.877494
0.877973
0.878451
0.878929
0.879405
0.879881
0.880355
0.880829
0.881302
0.881774
0.882246
0.882716
0.883185
0.883654
0.884122
0.884589
0.885054
0.885520
0.885984
0.886447
0.886909
0.887371
0.887831
0.888291
0.888750
0.889208
0.889665
0.890121
0.890576
0.891031
0.891484
0.891937
0.892389
0.892839
0.893289
0.893738
0.894187
0.894634
0.895080
0.895526
0.895970
0.896414
0.896857
0.897299
0.897739
0.898180
0.898619
0.899057
0.899494
0.899931
0.900366
0.900801
0.901235
0.901668
0.902100
0.902531
0.902961
0.903390
0.903819
0.904246
0.904673
0.905098
0.905523
0.905947
0.906370
0.906792
0.907213
0.907633
0.908053
0.908471
0.908888
0.909305
0.909721
0.910136
0.910549
0.910962
0.911374
0.911785
0.912196
0.912605
0.913013
0.913421
0.913827
0.914233
0.914638
0.915042
0.915444
0.915846
0.916248
0.916648
0.917047
0.917445
0.917843
0.918239
0.918635
0.919029
0.919423
0.919816
0.920208
0.920599
0.920989
0.921378
0.921766
0.922153
0.922540
0.922925
0.923310
0.923693
0.924076
0.924458
0.924839
0.925218
0.925597
0.925976
0.926353
0.926729
0.927104
0.927478
0.927852
0.928224
0.928596
0.928967
0.929336
0.929705
0.930073
0.930440
0.930806
0.931171
0.931535
0.931898
0.932260
0.932622
0.932982
0.933341
0.933700
0.934058
0.934414
0.934770
0.935125
0.935479
0.935832
0.936184
0.936535
0.936885
0.937234
0.937582
0.937929
0.938276
0.938621
0.938966
0.939309
0.939652
0.939993
0.940334
0.940674
0.941013
0.941351
0.941688
0.942024
0.942359
0.942693
0.943026
0.943358
0.943690
0.944020
0.944349
0.944678
0.945005
0.945332
0.945658
0.945982
0.946306
0.946629
0.946951
0.947272
0.947592
0.947911
0.948229
0.948546
0.948862
0.949177
0.949491
0.949805
0.950117
0.950428
0.950739
0.951048
0.951357
0.951665
0.951971
0.952277
0.952582
0.952886
0.953188
0.953490
0.953791
0.954091
0.954390
0.954688
0.954986
0.955282
0.955577
0.955871
0.956165
0.956457
0.956748
0.957039
0.957328
0.957617
0.957904
0.958191
0.958477
0.958761
0.959045
0.959328
0.959610
0.959890
0.960170
0.960449
0.960727
0.961004
0.961280
0.961555
0.961829
0.962103
0.962375
0.962646
0.962916
0.963186
0.963454
0.963721
0.963988
0.964253
0.964518
0.964781
0.965044
0.965306
0.965566
0.965826
0.966085
0.966342
0.966599
0.966855
0.967110
0.967364
0.967617
0.967868
0.968119
0.968369
0.968618
0.968867
0.969114
0.969360
0.969605
0.969849
0.970092
0.970335
0.970576
0.970816
0.971056
0.971294
0.971531
0.971768
0.972003
0.972238
0.972471
0.972704
0.972935
0.973166
0.973395
0.973624
0.973852
0.974079
0.974304
0.974529
0.974753
0.974976
0.975197
0.975418
0.975638
0.975857
0.976075
0.976292
0.976508
0.976723
0.976937
0.977150
0.977362
0.977573
0.977783
0.977992
0.978200
0.978408
0.978614
0.978819
0.979023
0.979227
0.979429
0.979630
0.979830
0.980030
0.980228
0.980425
0.980622
0.980817
0.981012
0.981205
0.981398
0.981589
0.981780
0.981969
0.982158
0.982345
0.982532
0.982718
0.982902
0.983086
0.983268
0.983450
0.983631
0.983811
0.983989
0.984167
0.984344
0.984519
0.984694
0.984868
0.985041
0.985213
0.985384
0.985553
0.985722
0.985890
0.986057
0.986223
0.986388
0.986552
0.986715
0.986877
0.987038
0.987198
0.987357
0.987515
0.987672
0.987828
0.987983
0.988137
0.988290
0.988442
0.988593
0.988743
0.988892
0.989041
0.989188
0.989334
0.989479
0.989623
0.989766
0.989909
0.990050
0.990190
0.990329
0.990468
0.990605
0.990741
0.990876
0.991011
0.991144
0.991276
0.991408
0.991538
0.991667
0.991796
0.991923
0.992049
0.992175
0.992299
0.992422
0.992545
0.992666
0.992786
0.992906
0.993024
0.993142
0.993258
0.993374
0.993488
0.993601
0.993714
0.993825
0.993936
0.994045
0.994154
0.994261
0.994368
0.994473
0.994578
0.994681
0.994784
0.994885
0.994986
0.995085
0.995184
0.995281
0.995378
0.995473
0.995568
0.995661
0.995754
0.995845
0.995936
0.996026
0.996114
0.996202
0.996288
0.996374
0.996459
0.996542
0.996625
0.996706
0.996787
0.996866
0.996945
0.997023
0.997099
0.997175
0.997250
0.997323
0.997396
0.997467
0.997538
0.997608
0.997676
0.997744
0.997811
0.997876
0.997941
0.998004
0.998067
0.998129
0.998189
0.998249
0.998308
0.998365
0.998422
0.998478
0.998532
0.998586
0.998639
0.998690
0.998741
0.998791
0.998839
0.998887
0.998934
0.998979
0.999024
0.999068
0.999110
0.999152
0.999193
0.999232
0.999271
0.999309
0.999345
0.999381
0.999416
0.999449
0.999482
0.999514
0.999544
0.999574
0.999603
0.999631
0.999657
0.999683
0.999708
0.999731
0.999754
0.999776
0.999796
0.999816
0.999835
0.999852
0.999869
0.999885
0.999899
0.999913
0.999926
0.999937
0.999948
0.999958
0.999967
0.999974
0.999981
0.999987
0.999991
0.999995
0.999998
0.999999
1.000000
