392 2563 659 554
393	2563 660 554
394	2563 662 554
395	2563 663 553
396	2563 664 553
397	2563 666 553
398	2563 668 553
399	2563 670 552
400	2563 671 552
401	2563 673 551
402	2563 674 551
403	2563 676 551
404	2563 677 550
405	2563 678 550
406	2563 680 550
407	2563 681 550
408	2563 683 550
409	2563 685 550
410	2563 686 551
411	2563 688 551
412	2563 690 552
413	2563 691 552
414	2563 693 552
415	2563 695 553
416	2563 696 553
417	2563 698 553
418	2563 701 554
419	2563 703 555
420	2563 706 555
421	2563 707 555
422	2563 709 556
423	2563 710 556
424	2563 712 556
425	2563 714 556
426	2563 716 555
427	2563 718 555
428	2563 719 554
429	2563 720 554
430	2563 721 554
431	2563 723 554
432	2563 726 554
433	2563 728 555
434	2563 731 555
435	2563 733 555
436	2563 734 554
437	2563 736 553
438	2563 738 553
439	2563 740 552
440	2563 742 552
441	2563 744 552
442	2563 746 551
443	2563 749 550
444	2563 751 550
445	2563 753 549
446	2563 754 549
447	2563 756 548
448	2563 758 548
449	2563 761 548
450	2563 762 548
451	2563 763 548
452	2563 764 547
453	2563 766 547
454	2563 767 547
455	2563 768 546
456	2563 768 546
457	2563 768 545
458	2563 772 544
459	2563 775 543
460	2563 778 543
461	2563 780 543
462	2563 782 542
463	2563 786 543
464	2563 789 543
465	2563 792 544
466	2563 794 545
467	2563 796 545
468	2563 798 545
469	2563 800 545
470	2563 802 546
471	2563 805 546
472	2563 807 546
473	2563 809 546
474	2563 811 545
475	2563 814 544
476	2563 816 544
477	2563 818 544
478	2563 820 544
479	2563 822 543
480	2563 824 543
481	2563 827 543
482	2563 830 542
483	2563 832 542
484	2563 833 542
485	2563 835 542
486	2563 836 542
487	2563 839 543
488	2563 842 542
489	2563 844 541
490	2563 846 541
491	2563 849 540
492	2563 851 540
493	2563 853 539
494	2563 856 539
495	2563 858 538
496	2563 860 537
497	2563 863 536
498	2563 865 536
499	2563 867 535
500	2563 870 535
501	2563 872 534
502	2563 874 533
503	2563 876 532
504	2563 878 532
505	2563 879 531
506	2563 882 530
507	2563 884 529
508	2563 887 529
509	2563 889 528
510	2563 891 527
511	2563 893 527
512	2563 895 526
513	2563 897 525
514	2563 899 524
515	2563 901 523
516	2563 903 521
517	2563 905 521
518	2563 907 520
519	2563 909 520
520	2563 911 519
521	2563 913 518
522	2563 915 518
523	2563 916 517
524	2563 921 514
525	2563 922 513
526	2563 925 512
527	2563 928 511
528	2563 930 509
529	2563 932 508
530	2563 933 507
531	2563 935 507
532	2563 937 507
533	2563 939 505
534	2563 942 504
535	2563 943 503
536	2563 946 502
537	2563 947 501
538	2563 950 500
539	2563 951 498
540	2563 954 497
541	2563 955 496
542	2563 958 494
543	2563 959 492
544	2563 961 491
545	2563 963 489
546	2563 964 488
547	2563 966 486
548	2563 969 485
549	2563 972 483
550	2563 974 482
551	2563 976 480
552	2563 977 478
553	2563 979 476
554	2563 981 474
555	2563 982 473
556	2563 984 471
557	2563 986 469
558	2563 988 467
559	2563 990 466
560	2563 991 464
561	2563 993 462
562	2563 995 460
563	2563 996 458
564	2563 998 457
565	2563 1000 455
566	2563 1001 453
567	2563 1003 452
568	2563 1005 450
569	2563 1006 449
570	2563 1008 446
392	2564 661 530
393	2564 662 529
394	2564 663 529
395	2564 665 529
396	2564 667 529
397	2564 669 528
398	2564 670 528
399	2564 672 528
400	2564 673 527
401	2564 675 527
402	2564 677 527
403	2564 678 526
404	2564 679 526
405	2564 680 526
406	2564 682 526
407	2564 684 526
408	2564 685 527
409	2564 687 527
410	2564 689 527
411	2564 691 527
412	2564 693 527
413	2564 696 527
414	2564 697 527
415	2564 699 528
416	2564 701 528
417	2564 703 528
418	2564 706 528
419	2564 707 528
420	2564 709 528
421	2564 710 527
422	2564 711 527
423	2564 713 527
424	2564 715 527
425	2564 716 526
426	2564 718 526
427	2564 720 526
428	2564 722 526
429	2564 723 526
430	2564 725 526
431	2564 727 525
432	2564 730 525
433	2564 732 525
434	2564 734 524
435	2564 736 524
436	2564 739 523
437	2564 740 523
438	2564 742 523
439	2564 743 522
440	2564 745 522
441	2564 747 521
442	2564 749 521
443	2564 752 521
444	2564 753 520
445	2564 755 520
446	2564 756 520
447	2564 758 520
448	2564 760 520
449	2564 762 521
450	2564 764 520
451	2564 766 519
452	2564 768 519
453	2564 768 519
454	2564 769 519
455	2564 770 519
456	2564 772 518
457	2564 773 517
458	2564 774 517
459	2564 776 516
460	2564 779 516
461	2564 781 516
462	2564 784 516
463	2564 786 515
464	2564 789 515
465	2564 791 514
466	2564 794 514
467	2564 796 514
468	2564 798 513
469	2564 800 513
470	2564 801 512
471	2564 803 512
472	2564 805 511
473	2564 807 511
474	2564 810 511
475	2564 813 510
476	2564 815 509
477	2564 817 509
478	2564 819 509
479	2564 821 508
480	2564 822 508
481	2564 824 507
482	2564 826 507
483	2564 829 506
484	2564 831 505
485	2564 833 504
486	2564 835 504
487	2564 836 503
488	2564 839 502
489	2564 841 502
490	2564 843 501
491	2564 845 500
492	2564 848 499
493	2564 850 499
494	2564 852 498
495	2564 854 497
496	2564 855 496
497	2564 857 495
498	2564 859 495
499	2564 861 494
500	2564 864 493
501	2564 866 493
502	2564 868 492
503	2564 870 491
504	2564 872 491
505	2564 874 490
506	2564 876 489
507	2564 878 489
508	2564 880 488
509	2564 882 487
510	2564 884 487
511	2564 886 486
512	2564 889 485
513	2564 891 485
514	2564 893 485
515	2564 895 484
516	2564 897 484
517	2564 899 483
518	2564 901 483
519	2564 903 482
520	2564 906 481
521	2564 909 481
522	2564 911 480
523	2564 913 480
524	2564 915 479
525	2564 918 478
526	2564 920 478
527	2564 922 477
528	2564 923 476
529	2564 925 475
530	2564 927 474
531	2564 929 473
532	2564 932 473
533	2564 934 472
534	2564 936 471
535	2564 937 470
536	2564 939 469
537	2564 941 468
538	2564 943 467
539	2564 945 466
540	2564 947 464
541	2564 950 463
542	2564 952 462
543	2564 954 461
544	2564 955 460
545	2564 957 458
546	2564 958 457
547	2564 960 455
548	2564 962 454
549	2564 964 453
550	2564 966 451
551	2564 968 450
552	2564 971 448
553	2564 972 447
554	2564 975 445
555	2564 976 444
556	2564 978 443
557	2564 980 441
558	2564 981 439
559	2564 983 438
560	2564 985 436
561	2564 986 434
562	2564 988 433
563	2564 990 431
564	2564 991 430
565	2564 993 428
566	2564 995 427
567	2564 996 425
568	2564 998 423
569	2564 100 421
570	2564 100 419
392	2565 656 496
393	2565 657 495
394	2565 659 495
395	2565 660 494
396	2565 661 494
397	2565 663 494
398	2565 664 494
399	2565 665 494
400	2565 666 494
401	2565 668 495
402	2565 669 496
403	2565 671 496
404	2565 672 496
405	2565 674 496
406	2565 675 496
407	2565 677 496
408	2565 678 495
409	2565 680 496
410	2565 681 497
411	2565 683 497
412	2565 685 497
413	2565 686 496
414	2565 687 496
415	2565 688 495
416	2565 690 495
417	2565 691 495
418	2565 692 495
419	2565 694 495
420	2565 696 496
421	2565 697 496
422	2565 699 496
423	2565 701 496
424	2565 703 496
425	2565 704 495
426	2565 705 495
427	2565 707 494
428	2565 708 494
429	2565 710 494
430	2565 712 493
431	2565 713 492
432	2565 716 493
433	2565 718 493
434	2565 721 493
435	2565 722 493
436	2565 724 493
437	2565 725 493
438	2565 726 493
439	2565 728 494
440	2565 729 494
441	2565 731 494
442	2565 733 494
443	2565 734 494
444	2565 735 493
445	2565 737 494
446	2565 739 495
447	2565 742 495
448	2565 744 495
449	2565 746 496
450	2565 747 496
451	2565 749 496
452	2565 750 496
453	2565 752 496
454	2565 753 497
455	2565 755 497
456	2565 757 497
457	2565 759 498
458	2565 761 499
459	2565 762 499
460	2565 764 499
461	2565 766 499
462	2565 768 499
463	2565 769 500
464	2565 770 500
465	2565 771 500
466	2565 772 500
467	2565 772 500
468	2565 773 500
469	2565 775 499
470	2565 777 499
471	2565 779 499
472	2565 783 497
473	2565 785 496
474	2565 787 495
475	2565 788 495
476	2565 789 494
477	2565 790 494
478	2565 791 493
479	2565 793 493
480	2565 795 493
481	2565 798 493
482	2565 801 492
483	2565 803 492
484	2565 805 492
485	2565 807 492
486	2565 809 492
487	2565 811 491
488	2565 812 491
489	2565 814 491
490	2565 816 491
491	2565 819 491
492	2565 821 492
493	2565 823 491
494	2565 826 490
495	2565 828 490
496	2565 830 490
497	2565 831 490
498	2565 832 490
499	2565 834 491
500	2565 835 491
501	2565 837 491
502	2565 839 491
503	2565 841 491
504	2565 843 491
505	2565 845 492
506	2565 847 492
507	2565 850 492
508	2565 852 492
509	2565 854 492
510	2565 857 493
511	2565 859 493
512	2565 861 493
513	2565 863 493
514	2565 864 493
515	2565 867 492
516	2565 870 492
517	2565 872 492
518	2565 874 492
519	2565 876 492
520	2565 878 493
521	2565 879 493
522	2565 881 493
523	2565 883 492
524	2565 886 491
525	2565 889 491
526	2565 891 490
527	2565 893 490
528	2565 894 489
529	2565 896 490
530	2565 897 490
531	2565 900 489
532	2565 903 488
533	2565 905 488
534	2565 907 487
535	2565 909 487
536	2565 911 486
537	2565 913 486
538	2565 914 485
539	2565 917 485
540	2565 918 484
541	2565 921 484
542	2565 924 483
543	2565 926 483
544	2565 928 482
545	2565 930 482
546	2565 931 481
547	2565 933 480
548	2565 936 479
549	2565 939 477
550	2565 941 477
551	2565 943 477
552	2565 945 475
553	2565 948 474
554	2565 950 473
555	2565 952 473
556	2565 953 472
557	2565 956 471
558	2565 959 469
559	2565 961 468
560	2565 963 467
561	2565 965 467
562	2565 966 466
563	2565 967 465
564	2565 969 464
565	2565 970 463
566	2565 972 463
567	2565 973 462
568	2565 975 461
569	2565 977 460
570	2565 979 459
392	2566 662 470
393	2566 664 469
394	2566 665 469
395	2566 666 469
396	2566 668 468
397	2566 670 468
398	2566 671 468
399	2566 673 468
400	2566 675 468
401	2566 676 468
402	2566 678 469
403	2566 679 469
404	2566 681 469
405	2566 682 469
406	2566 683 469
407	2566 684 469
408	2566 686 470
409	2566 687 470
410	2566 689 470
411	2566 690 470
412	2566 692 470
413	2566 693 470
414	2566 694 471
415	2566 696 471
416	2566 698 471
417	2566 699 472
418	2566 702 472
419	2566 704 472
420	2566 706 472
421	2566 707 473
422	2566 709 473
423	2566 710 473
424	2566 711 473
425	2566 712 473
426	2566 714 473
427	2566 715 472
428	2566 717 472
429	2566 719 472
430	2566 721 472
431	2566 723 472
432	2566 724 471
433	2566 726 471
434	2566 727 471
435	2566 729 471
436	2566 730 471
437	2566 732 471
438	2566 734 470
439	2566 735 470
440	2566 737 469
441	2566 739 469
442	2566 741 469
443	2566 743 469
444	2566 745 469
445	2566 747 469
446	2566 749 470
447	2566 750 470
448	2566 752 470
449	2566 753 470
450	2566 754 470
451	2566 756 470
452	2566 757 469
453	2566 759 469
454	2566 762 469
455	2566 764 469
456	2566 765 469
457	2566 766 470
458	2566 767 470
459	2566 768 469
460	2566 769 470
461	2566 770 470
462	2566 772 470
463	2566 774 470
464	2566 776 471
465	2566 780 469
466	2566 782 469
467	2566 783 468
468	2566 784 468
469	2566 785 468
470	2566 787 468
471	2566 788 468
472	2566 790 468
473	2566 792 467
474	2566 795 467
475	2566 797 467
476	2566 800 467
477	2566 802 467
478	2566 804 468
479	2566 806 468
480	2566 807 468
481	2566 809 467
482	2566 810 467
483	2566 812 467
484	2566 814 467
485	2566 816 466
486	2566 818 466
487	2566 820 466
488	2566 823 466
489	2566 825 465
490	2566 827 466
491	2566 829 466
492	2566 830 466
493	2566 832 465
494	2566 834 465
495	2566 837 465
496	2566 839 465
497	2566 842 465
498	2566 843 465
499	2566 845 466
500	2566 846 466
501	2566 848 466
502	2566 850 465
503	2566 852 466
504	2566 854 466
505	2566 856 467
506	2566 858 467
507	2566 859 467
508	2566 861 467
509	2566 864 468
510	2566 867 468
511	2566 869 468
512	2566 871 469
513	2566 873 469
514	2566 874 469
515	2566 877 469
516	2566 879 469
517	2566 882 470
518	2566 884 470
519	2566 885 469
520	2566 887 469
521	2566 888 468
522	2566 892 470
523	2566 894 469
524	2566 896 469
525	2566 898 469
526	2566 900 469
527	2566 902 469
528	2566 905 469
529	2566 907 469
530	2566 909 470
531	2566 911 470
532	2566 913 470
533	2566 915 470
534	2566 918 469
535	2566 920 468
536	2566 922 468
537	2566 924 468
538	2566 926 468
539	2566 927 468
540	2566 929 468
541	2566 931 468
542	2566 933 467
543	2566 935 467
544	2566 937 467
545	2566 939 466
546	2566 941 466
547	2566 943 465
548	2566 945 464
549	2566 947 463
550	2566 949 462
551	2566 951 461
552	2566 953 460
553	2566 956 459
554	2566 958 458
555	2566 959 457
556	2566 962 456
557	2566 963 454
558	2566 966 453
559	2566 968 452
560	2566 970 451
561	2566 971 451
562	2566 973 450
563	2566 975 449
564	2566 977 448
565	2566 980 446
566	2566 981 446
567	2566 983 444
568	2566 985 443
569	2566 987 441
570	2566 989 440
